Learning Rate   Memory Size     Beta            AUC             Time           
1               4               1               0.2889 9.96s
1               4               0.1             0.3157 13.47s
1               4               0.01            0.1342 13.48s
1               4               0.001           0.1933 13.49s
1               4               0.0001          0.1950 11.08s
1               4               1e-05           0.2075 11.02s
1               8               1               0.4916 11.03s
1               8               0.1             0.1841 11.00s
1               8               0.01            0.3372 11.02s
1               8               0.001           0.2827 10.98s
1               8               0.0001          0.2081 11.06s
1               8               1e-05           0.3185 11.00s
1               16              1               0.3466 10.99s
1               16              0.1             0.2354 10.95s
1               16              0.01            0.2818 10.98s
1               16              0.001           0.3814 11.04s
1               16              0.0001          0.3917 10.99s
1               16              1e-05           0.3572 10.96s
1               32              1               0.4057 11.06s
1               32              0.1             0.4046 10.93s
1               32              0.01            0.4553 11.13s
1               32              0.001           0.2901 10.96s
1               32              0.0001          0.2769 10.96s
1               32              1e-05           0.1759 11.21s
1               64              1               0.2262 11.24s
1               64              0.1             0.4495 11.00s
1               64              0.01            0.5481 10.97s
1               64              0.001           0.2339 10.97s
1               64              0.0001          0.3519 11.02s
1               64              1e-05           0.3115 11.03s
0.1             4               1               0.2908 11.27s
0.1             4               0.1             0.2910 10.98s
0.1             4               0.01            0.2534 13.06s
0.1             4               0.001           0.2089 10.14s
0.1             4               0.0001          0.2610 10.05s
0.1             4               1e-05           0.2431 10.01s
0.1             8               1               0.3196 10.09s
0.1             8               0.1             0.2245 10.00s
0.1             8               0.01            0.3144 10.02s
0.1             8               0.001           0.2377 10.03s
0.1             8               0.0001          0.1721 10.06s
0.1             8               1e-05           0.3312 10.01s
0.1             16              1               0.2872 10.06s
0.1             16              0.1             0.2772 13.37s
0.1             16              0.01            0.2021 13.28s
0.1             16              0.001           0.2722 13.06s
0.1             16              0.0001          0.3506 10.95s
0.1             16              1e-05           0.2982 11.02s
0.1             32              1               0.3465 11.00s
0.1             32              0.1             0.3635 10.91s
0.1             32              0.01            0.3474 11.01s
0.1             32              0.001           0.3522 11.05s
0.1             32              0.0001          0.3688 10.97s
0.1             32              1e-05           0.3657 11.08s
0.1             64              1               0.5301 11.01s
0.1             64              0.1             0.5249 10.94s
0.1             64              0.01            0.5334 10.97s
0.1             64              0.001           0.5282 10.94s
0.1             64              0.0001          0.5264 10.94s
0.1             64              1e-05           0.5173 11.02s
0.01            4               1               0.2725 11.02s
0.01            4               0.1             0.3495 11.04s
0.01            4               0.01            0.1662 11.00s
0.01            4               0.001           0.2742 10.98s
0.01            4               0.0001          0.3207 10.94s
0.01            4               1e-05           0.2822 10.96s
0.01            8               1               0.3321 10.95s
0.01            8               0.1             0.2825 11.49s
0.01            8               0.01            0.3249 10.98s
0.01            8               0.001           0.2559 11.06s
0.01            8               0.0001          0.3084 11.06s
0.01            8               1e-05           0.2177 11.00s
0.01            16              1               0.3291 10.95s
0.01            16              0.1             0.3040 10.96s
0.01            16              0.01            0.2443 10.97s
0.01            16              0.001           0.3167 11.04s
0.01            16              0.0001          0.2597 11.05s
0.01            16              1e-05           0.2350 10.97s
0.01            32              1               0.3680 10.96s
0.01            32              0.1             0.3688 10.94s
0.01            32              0.01            0.3766 11.10s
0.01            32              0.001           0.3505 10.95s
0.01            32              0.0001          0.3505 10.93s
0.01            32              1e-05           0.3638 10.98s
0.01            64              1               0.4961 10.92s
0.01            64              0.1             0.5352 11.03s
0.01            64              0.01            0.5249 11.31s
0.01            64              0.001           0.5238 11.09s
0.01            64              0.0001          0.5281 10.97s
0.01            64              1e-05           0.5336 10.97s
0.001           4               1               0.2384 10.97s
0.001           4               0.1             0.3202 10.95s
0.001           4               0.01            0.2704 10.98s
0.001           4               0.001           0.2176 11.14s
0.001           4               0.0001          0.1922 10.96s
0.001           4               1e-05           0.1840 10.98s
0.001           8               1               0.2491 11.04s
0.001           8               0.1             0.3029 11.05s
0.001           8               0.01            0.3556 11.05s
0.001           8               0.001           0.3249 11.04s
0.001           8               0.0001          0.3821 10.96s
0.001           8               1e-05           0.3049 10.94s
0.001           16              1               0.2669 11.03s
0.001           16              0.1             0.2615 10.99s
0.001           16              0.01            0.3302 11.02s
0.001           16              0.001           0.2907 10.97s
0.001           16              0.0001          0.2378 10.96s
0.001           16              1e-05           0.3329 10.97s
0.001           32              1               0.3708 10.97s
0.001           32              0.1             0.3691 10.98s
0.001           32              0.01            0.3508 10.98s
0.001           32              0.001           0.3502 11.00s
0.001           32              0.0001          0.3982 11.00s
0.001           32              1e-05           0.3691 13.09s
0.001           64              1               0.5279 11.00s
0.001           64              0.1             0.5345 10.95s
0.001           64              0.01            0.4999 10.96s
0.001           64              0.001           0.5182 10.99s
0.001           64              0.0001          0.5153 10.95s
0.001           64              1e-05           0.5252 10.97s
0.0001          4               1               0.2647 10.97s
0.0001          4               0.1             0.3544 10.99s
0.0001          4               0.01            0.2607 11.00s
0.0001          4               0.001           0.3374 10.96s
0.0001          4               0.0001          0.2872 10.95s
0.0001          4               1e-05           0.4524 11.35s
0.0001          8               1               0.3522 10.94s
0.0001          8               0.1             0.2185 11.04s
0.0001          8               0.01            0.2063 10.99s
0.0001          8               0.001           0.2152 10.96s
0.0001          8               0.0001          0.3045 11.00s
0.0001          8               1e-05           0.1931 11.00s
0.0001          16              1               0.2430 10.98s
0.0001          16              0.1             0.2596 11.00s
0.0001          16              0.01            0.4391 10.96s
0.0001          16              0.001           0.2644 11.12s
0.0001          16              0.0001          0.3440 10.97s
0.0001          16              1e-05           0.2611 10.94s
0.0001          32              1               0.3640 12.18s
0.0001          32              0.1             0.3589 10.31s
0.0001          32              0.01            0.3810 12.71s
0.0001          32              0.001           0.4034 11.43s
0.0001          32              0.0001          0.3584 10.78s
0.0001          32              1e-05           0.4030 9.99s
0.0001          64              1               0.5077 9.94s
0.0001          64              0.1             0.5271 9.94s
0.0001          64              0.01            0.5019 9.93s
0.0001          64              0.001           0.4973 10.68s
0.0001          64              0.0001          0.5074 13.36s
0.0001          64              1e-05           0.5184 13.37s

Best Parameters: {'memory_len': 64, 'beta': 0.01, 'lr': 1, 'epochs': 5000, 'batch_size': 1}
Best ROC-AUC: 0.5481358143367207
Best Model saved as: cardio_RQ1_1.pt
