Learning Rate   Memory Size     Beta            AUC             Time           
1               4               10              0.8465 2.99s
1               4               1               0.8902 2.99s
1               4               0.1             0.8578 2.97s
1               4               0.01            0.8713 2.99s
1               4               0.001           0.8575 3.17s
1               4               0.0001          0.8661 3.15s
1               8               10              0.8658 3.03s
1               8               1               0.8689 2.98s
1               8               0.1             0.8411 2.97s
1               8               0.01            0.8590 3.14s
1               8               0.001           0.8776 3.14s
1               8               0.0001          0.8660 3.15s
1               16              10              0.8542 2.98s
1               16              1               0.8364 2.98s
1               16              0.1             0.8644 2.96s
1               16              0.01            0.8712 2.95s
1               16              0.001           0.8551 3.13s
1               16              0.0001          0.8818 2.97s
1               32              10              0.8890 2.97s
1               32              1               0.8537 2.97s
1               32              0.1             0.8727 3.14s
1               32              0.01            0.8673 2.98s
1               32              0.001           0.8617 2.97s
1               32              0.0001          0.8506 2.97s
1               64              10              0.8559 2.98s
1               64              1               0.8624 2.98s
1               64              0.1             0.8645 2.97s
1               64              0.01            0.8462 3.14s
1               64              0.001           0.8782 2.98s
1               64              0.0001          0.8693 2.97s
0.1             4               10              0.8894 3.00s
0.1             4               1               0.9050 2.97s
0.1             4               0.1             0.8974 2.96s
0.1             4               0.01            0.8813 3.12s
0.1             4               0.001           0.9093 2.98s
0.1             4               0.0001          0.8994 2.96s
0.1             8               10              0.8822 2.98s
0.1             8               1               0.9026 3.14s
0.1             8               0.1             0.8802 2.97s
0.1             8               0.01            0.9314 2.96s
0.1             8               0.001           0.9001 3.15s
0.1             8               0.0001          0.8837 2.99s
0.1             16              10              0.8598 2.98s
0.1             16              1               0.8830 2.99s
0.1             16              0.1             0.8743 2.99s
0.1             16              0.01            0.8945 2.98s
0.1             16              0.001           0.9022 2.98s
0.1             16              0.0001          0.8898 2.98s
0.1             32              10              0.9158 2.98s
0.1             32              1               0.8759 2.99s
0.1             32              0.1             0.9098 2.98s
0.1             32              0.01            0.8673 3.15s
0.1             32              0.001           0.8840 2.97s
0.1             32              0.0001          0.8976 2.97s
0.1             64              10              0.8891 2.99s
0.1             64              1               0.8998 2.98s
0.1             64              0.1             0.9237 2.99s
0.1             64              0.01            0.8712 2.97s
0.1             64              0.001           0.8578 2.98s
0.1             64              0.0001          0.8944 2.96s
0.01            4               10              0.8950 2.97s
0.01            4               1               0.8924 3.15s
0.01            4               0.1             0.8765 3.13s
0.01            4               0.01            0.8651 2.97s
0.01            4               0.001           0.8907 3.13s
0.01            4               0.0001          0.9054 3.00s
0.01            8               10              0.9074 2.97s
0.01            8               1               0.8891 2.98s
0.01            8               0.1             0.8929 2.97s
0.01            8               0.01            0.9031 3.05s
0.01            8               0.001           0.8979 3.16s
0.01            8               0.0001          0.9105 2.97s
0.01            16              10              0.8706 3.15s
0.01            16              1               0.8891 2.99s
0.01            16              0.1             0.9278 2.98s
0.01            16              0.01            0.9025 2.98s
0.01            16              0.001           0.9071 2.98s
0.01            16              0.0001          0.8670 2.95s
0.01            32              10              0.9101 2.99s
0.01            32              1               0.8882 2.97s
0.01            32              0.1             0.9071 3.19s
0.01            32              0.01            0.9028 2.98s
0.01            32              0.001           0.9062 2.99s
0.01            32              0.0001          0.8994 2.98s
0.01            64              10              0.8823 2.98s
0.01            64              1               0.8969 2.99s
0.01            64              0.1             0.8846 2.99s
0.01            64              0.01            0.8930 2.99s
0.01            64              0.001           0.8958 2.99s
0.01            64              0.0001          0.9049 2.99s
0.001           4               10              0.8938 2.99s
0.001           4               1               0.8971 2.98s
0.001           4               0.1             0.8667 2.99s
0.001           4               0.01            0.8913 2.98s
0.001           4               0.001           0.8883 3.00s
0.001           4               0.0001          0.9005 2.99s
0.001           8               10              0.9040 2.99s
0.001           8               1               0.8419 2.98s
0.001           8               0.1             0.8729 3.00s
0.001           8               0.01            0.8976 2.99s
0.001           8               0.001           0.8749 2.99s
0.001           8               0.0001          0.8965 2.97s
0.001           16              10              0.8951 2.99s
0.001           16              1               0.8826 3.09s
0.001           16              0.1             0.9079 3.17s
0.001           16              0.01            0.8805 2.98s
0.001           16              0.001           0.8878 3.01s
0.001           16              0.0001          0.8713 3.19s
0.001           32              10              0.8747 2.99s
0.001           32              1               0.8735 2.98s
0.001           32              0.1             0.8886 2.98s
0.001           32              0.01            0.8737 3.11s
0.001           32              0.001           0.8970 3.18s
0.001           32              0.0001          0.8914 3.00s
0.001           64              10              0.8904 3.00s
0.001           64              1               0.9247 3.13s
0.001           64              0.1             0.9069 3.16s
0.001           64              0.01            0.9002 3.06s
0.001           64              0.001           0.8739 2.97s
0.001           64              0.0001          0.9004 2.97s

Best Parameters: {'memory_len': 8, 'beta': 0.01, 'lr': 0.1, 'epochs': 5000, 'batch_size': 1}
Best ROC-AUC: 0.9314285714285715
Best Model saved as: ionosphere_RQ1_12.pt
