Learning Rate   Memory Size     Beta            AUC             Time           
1               4               10              0.8475 3.00s
1               4               1               0.8554 3.17s
1               4               0.1             0.8551 3.17s
1               4               0.01            0.8575 3.16s
1               4               0.001           0.8485 3.17s
1               4               0.0001          0.8646 2.98s
1               8               10              0.8299 2.99s
1               8               1               0.8508 3.00s
1               8               0.1             0.8470 2.99s
1               8               0.01            0.8592 3.17s
1               8               0.001           0.8620 3.19s
1               8               0.0001          0.8728 3.01s
1               16              10              0.8814 3.18s
1               16              1               0.8498 3.18s
1               16              0.1             0.8546 3.18s
1               16              0.01            0.8873 3.19s
1               16              0.001           0.8655 3.00s
1               16              0.0001          0.8875 3.00s
1               32              10              0.8766 2.99s
1               32              1               0.8532 2.98s
1               32              0.1             0.8620 3.00s
1               32              0.01            0.8390 3.01s
1               32              0.001           0.8575 3.17s
1               32              0.0001          0.8687 3.18s
1               64              10              0.8375 3.17s
1               64              1               0.8527 3.01s
1               64              0.1             0.8501 3.12s
1               64              0.01            0.8637 3.01s
1               64              0.001           0.7924 3.01s
1               64              0.0001          0.8723 3.17s
0.1             4               10              0.8905 3.00s
0.1             4               1               0.9087 3.00s
0.1             4               0.1             0.9035 3.01s
0.1             4               0.01            0.8803 2.99s
0.1             4               0.001           0.8813 3.17s
0.1             4               0.0001          0.8798 3.00s
0.1             8               10              0.9004 3.00s
0.1             8               1               0.9105 3.16s
0.1             8               0.1             0.9103 3.16s
0.1             8               0.01            0.8816 2.99s
0.1             8               0.001           0.8936 2.99s
0.1             8               0.0001          0.8772 3.16s
0.1             16              10              0.8974 2.99s
0.1             16              1               0.9176 3.00s
0.1             16              0.1             0.8742 3.13s
0.1             16              0.01            0.9254 3.00s
0.1             16              0.001           0.8665 3.16s
0.1             16              0.0001          0.9065 2.99s
0.1             32              10              0.8892 3.00s
0.1             32              1               0.8738 2.98s
0.1             32              0.1             0.9075 3.01s
0.1             32              0.01            0.9026 3.01s
0.1             32              0.001           0.8880 3.02s
0.1             32              0.0001          0.9033 2.99s
0.1             64              10              0.8805 3.02s
0.1             64              1               0.8332 3.01s
0.1             64              0.1             0.8875 3.17s
0.1             64              0.01            0.8653 3.17s
0.1             64              0.001           0.8855 3.16s
0.1             64              0.0001          0.9053 3.16s
0.01            4               10              0.9113 3.16s
0.01            4               1               0.8781 3.17s
0.01            4               0.1             0.8985 3.16s
0.01            4               0.01            0.8785 3.17s
0.01            4               0.001           0.8991 3.61s
0.01            4               0.0001          0.8952 3.24s
0.01            8               10              0.8794 3.01s
0.01            8               1               0.8746 2.98s
0.01            8               0.1             0.9105 3.02s
0.01            8               0.01            0.8957 3.01s
0.01            8               0.001           0.9091 2.99s
0.01            8               0.0001          0.8811 3.10s
0.01            16              10              0.9041 3.01s
0.01            16              1               0.9095 3.01s
0.01            16              0.1             0.9038 3.00s
0.01            16              0.01            0.9108 3.00s
0.01            16              0.001           0.8657 2.99s
0.01            16              0.0001          0.8964 3.01s
0.01            32              10              0.9139 3.00s
0.01            32              1               0.8924 3.15s
0.01            32              0.1             0.9048 3.15s
0.01            32              0.01            0.8897 3.15s
0.01            32              0.001           0.8817 3.00s
0.01            32              0.0001          0.9061 3.00s
0.01            64              10              0.9098 3.00s
0.01            64              1               0.9089 2.99s
0.01            64              0.1             0.8766 3.16s
0.01            64              0.01            0.9100 3.06s
0.01            64              0.001           0.8952 3.00s
0.01            64              0.0001          0.8713 3.00s
0.001           4               10              0.8642 3.16s
0.001           4               1               0.9057 3.00s
0.001           4               0.1             0.8916 3.00s
0.001           4               0.01            0.8885 3.17s
0.001           4               0.001           0.8995 3.00s
0.001           4               0.0001          0.8533 3.00s
0.001           8               10              0.8758 3.15s
0.001           8               1               0.8778 3.17s
0.001           8               0.1             0.8897 3.17s
0.001           8               0.01            0.8874 3.18s
0.001           8               0.001           0.8867 3.00s
0.001           8               0.0001          0.8970 3.01s
0.001           16              10              0.8635 3.01s
0.001           16              1               0.8781 3.01s
0.001           16              0.1             0.9001 3.01s
0.001           16              0.01            0.8931 3.01s
0.001           16              0.001           0.8838 3.16s
0.001           16              0.0001          0.9032 3.00s
0.001           32              10              0.8914 3.00s
0.001           32              1               0.8918 3.01s
0.001           32              0.1             0.9040 3.01s
0.001           32              0.01            0.8691 3.00s
0.001           32              0.001           0.9015 3.01s
0.001           32              0.0001          0.8840 3.00s
0.001           64              10              0.8810 3.09s
0.001           64              1               0.8707 3.00s
0.001           64              0.1             0.8814 3.17s
0.001           64              0.01            0.8885 3.16s
0.001           64              0.001           0.8808 3.15s
0.001           64              0.0001          0.8974 3.18s

Best Parameters: {'memory_len': 16, 'beta': 0.01, 'lr': 0.1, 'epochs': 5000, 'batch_size': 1}
Best ROC-AUC: 0.9253968253968254
Best Model saved as: ionosphere_RQ1_10.pt
