Learning Rate   Memory Size     Beta            AUC             Time           
1               4               10              0.8514 3.23s
1               4               1               0.8386 2.98s
1               4               0.1             0.8597 2.97s
1               4               0.01            0.8693 3.13s
1               4               0.001           0.8610 2.96s
1               4               0.0001          0.8546 2.95s
1               8               10              0.8794 2.93s
1               8               1               0.8383 2.95s
1               8               0.1             0.8662 2.94s
1               8               0.01            0.8672 2.96s
1               8               0.001           0.8853 2.96s
1               8               0.0001          0.8640 2.97s
1               16              10              0.8560 2.96s
1               16              1               0.8519 2.96s
1               16              0.1             0.8733 3.15s
1               16              0.01            0.8370 3.14s
1               16              0.001           0.8728 2.97s
1               16              0.0001          0.8582 3.03s
1               32              10              0.8707 3.00s
1               32              1               0.8637 2.95s
1               32              0.1             0.8284 3.54s
1               32              0.01            0.8443 3.33s
1               32              0.001           0.8686 3.34s
1               32              0.0001          0.8624 2.96s
1               64              10              0.8601 2.94s
1               64              1               0.8808 2.94s
1               64              0.1             0.7958 3.12s
1               64              0.01            0.8882 3.57s
1               64              0.001           0.8752 3.57s
1               64              0.0001          0.8734 3.54s
0.1             4               10              0.8880 3.50s
0.1             4               1               0.9226 3.57s
0.1             4               0.1             0.8886 3.55s
0.1             4               0.01            0.8964 3.25s
0.1             4               0.001           0.9138 2.95s
0.1             4               0.0001          0.8806 2.93s
0.1             8               10              0.9088 2.94s
0.1             8               1               0.8947 3.05s
0.1             8               0.1             0.8860 2.96s
0.1             8               0.01            0.9134 3.24s
0.1             8               0.001           0.8831 3.13s
0.1             8               0.0001          0.8838 3.13s
0.1             16              10              0.8977 2.97s
0.1             16              1               0.8972 2.95s
0.1             16              0.1             0.8788 2.97s
0.1             16              0.01            0.8846 3.12s
0.1             16              0.001           0.9077 3.11s
0.1             16              0.0001          0.9113 2.93s
0.1             32              10              0.9143 2.95s
0.1             32              1               0.9229 3.11s
0.1             32              0.1             0.8845 3.11s
0.1             32              0.01            0.8461 3.12s
0.1             32              0.001           0.8934 2.95s
0.1             32              0.0001          0.8698 3.11s
0.1             64              10              0.8847 3.12s
0.1             64              1               0.8836 2.94s
0.1             64              0.1             0.8753 2.95s
0.1             64              0.01            0.8830 2.95s
0.1             64              0.001           0.8938 2.94s
0.1             64              0.0001          0.8764 2.95s
0.01            4               10              0.9220 2.96s
0.01            4               1               0.9054 2.96s
0.01            4               0.1             0.8939 2.94s
0.01            4               0.01            0.9002 3.11s
0.01            4               0.001           0.8915 3.10s
0.01            4               0.0001          0.9143 2.94s
0.01            8               10              0.9040 3.08s
0.01            8               1               0.8983 2.95s
0.01            8               0.1             0.9037 3.01s
0.01            8               0.01            0.8923 3.01s
0.01            8               0.001           0.8887 2.94s
0.01            8               0.0001          0.8889 2.95s
0.01            16              10              0.9047 2.95s
0.01            16              1               0.9019 2.94s
0.01            16              0.1             0.8722 2.95s
0.01            16              0.01            0.9048 3.09s
0.01            16              0.001           0.9079 2.95s
0.01            16              0.0001          0.9162 2.94s
0.01            32              10              0.8995 2.94s
0.01            32              1               0.9051 2.95s
0.01            32              0.1             0.8835 2.93s
0.01            32              0.01            0.8663 3.10s
0.01            32              0.001           0.9056 2.94s
0.01            32              0.0001          0.8958 2.95s
0.01            64              10              0.8815 2.94s
0.01            64              1               0.8933 2.95s
0.01            64              0.1             0.8949 2.95s
0.01            64              0.01            0.8628 2.95s
0.01            64              0.001           0.9057 2.95s
0.01            64              0.0001          0.8813 2.95s
0.001           4               10              0.8608 2.96s
0.001           4               1               0.8955 2.96s
0.001           4               0.1             0.8909 2.97s
0.001           4               0.01            0.8727 3.11s
0.001           4               0.001           0.8921 3.10s
0.001           4               0.0001          0.9077 3.10s
0.001           8               10              0.8722 3.10s
0.001           8               1               0.8690 3.12s
0.001           8               0.1             0.9106 3.11s
0.001           8               0.01            0.8969 3.12s
0.001           8               0.001           0.9079 3.06s
0.001           8               0.0001          0.8424 2.95s
0.001           16              10              0.8588 3.01s
0.001           16              1               0.8748 2.94s
0.001           16              0.1             0.8971 2.96s
0.001           16              0.01            0.8949 2.95s
0.001           16              0.001           0.8801 2.95s
0.001           16              0.0001          0.8871 2.95s
0.001           32              10              0.9019 3.13s
0.001           32              1               0.9146 2.95s
0.001           32              0.1             0.8922 2.94s
0.001           32              0.01            0.8685 3.12s
0.001           32              0.001           0.8614 3.12s
0.001           32              0.0001          0.8776 3.12s
0.001           64              10              0.9003 3.11s
0.001           64              1               0.8999 3.09s
0.001           64              0.1             0.8708 3.11s
0.001           64              0.01            0.8844 3.13s
0.001           64              0.001           0.8823 3.12s
0.001           64              0.0001          0.8806 2.94s

Best Parameters: {'memory_len': 32, 'beta': 1, 'lr': 0.1, 'epochs': 5000, 'batch_size': 1}
Best ROC-AUC: 0.9229276895943563
Best Model saved as: ionosphere_RQ1_8.pt
