Learning Rate   Memory Size     Beta            AUC             Time           
1               4               1               0.3895 9.09s
1               4               0.1             0.3408 9.08s
1               4               0.01            0.4915 9.09s
1               4               0.001           0.4394 9.09s
1               4               0.0001          0.4018 9.05s
1               4               1e-05           0.5161 9.04s
1               8               1               0.2029 9.00s
1               8               0.1             0.2752 9.05s
1               8               0.01            0.2028 9.05s
1               8               0.001           0.1808 9.07s
1               8               0.0001          0.2285 9.06s
1               8               1e-05           0.1820 9.01s
1               16              1               0.2207 9.02s
1               16              0.1             0.2311 9.06s
1               16              0.01            0.2224 9.04s
1               16              0.001           0.1953 9.01s
1               16              0.0001          0.2268 9.05s
1               16              1e-05           0.1931 9.06s
1               32              1               0.1856 9.04s
1               32              0.1             0.2005 9.03s
1               32              0.01            0.2264 9.01s
1               32              0.001           0.2174 9.04s
1               32              0.0001          0.2363 9.04s
1               32              1e-05           0.2564 9.04s
1               64              1               0.2181 9.05s
1               64              0.1             0.1828 9.04s
1               64              0.01            0.2344 9.04s
1               64              0.001           0.2343 9.01s
1               64              0.0001          0.1694 9.05s
1               64              1e-05           0.3431 9.02s
0.1             4               1               0.5984 9.04s
0.1             4               0.1             0.5846 9.05s
0.1             4               0.01            0.5508 9.07s
0.1             4               0.001           0.5232 9.06s
0.1             4               0.0001          0.5487 9.07s
0.1             4               1e-05           0.5977 9.07s
0.1             8               1               0.2220 9.04s
0.1             8               0.1             0.2063 8.95s
0.1             8               0.01            0.2720 9.04s
0.1             8               0.001           0.2304 8.96s
0.1             8               0.0001          0.2152 9.05s
0.1             8               1e-05           0.3400 9.05s
0.1             16              1               0.2430 9.05s
0.1             16              0.1             0.2598 9.03s
0.1             16              0.01            0.2587 9.03s
0.1             16              0.001           0.2679 9.05s
0.1             16              0.0001          0.2843 9.02s
0.1             16              1e-05           0.2140 9.04s
0.1             32              1               0.2174 9.05s
0.1             32              0.1             0.2088 8.97s
0.1             32              0.01            0.2283 8.98s
0.1             32              0.001           0.1837 9.01s
0.1             32              0.0001          0.2613 9.02s
0.1             32              1e-05           0.2165 9.02s
0.1             64              1               0.2051 9.05s
0.1             64              0.1             0.2310 9.00s
0.1             64              0.01            0.2228 9.06s
0.1             64              0.001           0.2438 9.05s
0.1             64              0.0001          0.2521 9.03s
0.1             64              1e-05           0.2128 9.03s
0.01            4               1               0.5456 9.04s
0.01            4               0.1             0.5502 8.98s
0.01            4               0.01            0.5841 9.08s
0.01            4               0.001           0.5948 9.07s
0.01            4               0.0001          0.5853 9.06s
0.01            4               1e-05           0.5656 9.06s
0.01            8               1               0.2549 9.05s
0.01            8               0.1             0.2593 9.06s
0.01            8               0.01            0.2551 9.01s
0.01            8               0.001           0.2349 9.06s
0.01            8               0.0001          0.2620 9.03s
0.01            8               1e-05           0.2643 9.06s
0.01            16              1               0.2616 9.02s
0.01            16              0.1             0.2616 9.06s
0.01            16              0.01            0.2611 9.04s
0.01            16              0.001           0.2635 9.05s
0.01            16              0.0001          0.2575 9.07s
0.01            16              1e-05           0.2616 9.06s
0.01            32              1               0.2624 9.03s
0.01            32              0.1             0.2384 9.03s
0.01            32              0.01            0.2615 9.06s
0.01            32              0.001           0.2553 9.05s
0.01            32              0.0001          0.2613 9.05s
0.01            32              1e-05           0.2590 9.04s
0.01            64              1               0.2408 9.06s
0.01            64              0.1             0.2606 9.03s
0.01            64              0.01            0.2607 9.06s
0.01            64              0.001           0.2611 9.05s
0.01            64              0.0001          0.2575 9.05s
0.01            64              1e-05           0.2608 9.03s
0.001           4               1               0.5274 9.01s
0.001           4               0.1             0.4894 9.02s
0.001           4               0.01            0.5015 9.04s
0.001           4               0.001           0.5016 9.08s
0.001           4               0.0001          0.5313 9.05s
0.001           4               1e-05           0.4747 9.01s
0.001           8               1               0.2559 8.97s
0.001           8               0.1             0.2586 8.99s
0.001           8               0.01            0.2186 8.99s
0.001           8               0.001           0.2383 8.98s
0.001           8               0.0001          0.2581 8.99s
0.001           8               1e-05           0.2594 9.02s
0.001           16              1               0.2245 9.00s
0.001           16              0.1             0.2542 9.01s
0.001           16              0.01            0.2561 8.97s
0.001           16              0.001           0.2597 9.03s
0.001           16              0.0001          0.2573 9.03s
0.001           16              1e-05           0.2565 9.03s
0.001           32              1               0.2556 9.04s
0.001           32              0.1             0.2162 9.07s
0.001           32              0.01            0.2579 9.02s
0.001           32              0.001           0.2571 9.06s
0.001           32              0.0001          0.2590 9.05s
0.001           32              1e-05           0.2578 9.06s
0.001           64              1               0.2558 9.00s
0.001           64              0.1             0.2605 9.02s
0.001           64              0.01            0.2483 9.06s
0.001           64              0.001           0.2588 9.05s
0.001           64              0.0001          0.2603 9.06s
0.001           64              1e-05           0.2597 9.02s
0.0001          4               1               0.5014 9.06s
0.0001          4               0.1             0.4949 9.06s
0.0001          4               0.01            0.4392 9.07s
0.0001          4               0.001           0.4640 9.06s
0.0001          4               0.0001          0.4892 9.06s
0.0001          4               1e-05           0.4860 9.05s
0.0001          8               1               0.2563 9.04s
0.0001          8               0.1             0.2522 9.04s
0.0001          8               0.01            0.2518 9.04s
0.0001          8               0.001           0.2338 9.06s
0.0001          8               0.0001          0.2404 9.04s
0.0001          8               1e-05           0.2493 9.05s
0.0001          16              1               0.2539 9.06s
0.0001          16              0.1             0.2550 9.04s
0.0001          16              0.01            0.2524 9.05s
0.0001          16              0.001           0.2536 9.05s
0.0001          16              0.0001          0.2488 9.06s
0.0001          16              1e-05           0.2553 9.04s
0.0001          32              1               0.2517 9.01s
0.0001          32              0.1             0.2529 9.02s
0.0001          32              0.01            0.2497 8.99s
0.0001          32              0.001           0.2390 9.03s
0.0001          32              0.0001          0.2553 9.01s
0.0001          32              1e-05           0.2437 9.06s
0.0001          64              1               0.2521 9.05s
0.0001          64              0.1             0.2566 9.04s
0.0001          64              0.01            0.2449 9.04s
0.0001          64              0.001           0.2510 8.98s
0.0001          64              0.0001          0.2547 8.97s
0.0001          64              1e-05           0.2382 8.97s

Best Parameters: {'memory_len': 4, 'beta': 1, 'lr': 0.1, 'epochs': 5000, 'batch_size': 1}
Best ROC-AUC: 0.5983774250440917
Best Model saved as: ionosphere_RQ1_1.pt
