Learning Rate   Memory Size     Beta            AUC             Time           
1               4               10              0.8849 3.01s
1               4               1               0.8580 3.01s
1               4               0.1             0.8525 3.03s
1               4               0.01            0.8720 3.00s
1               4               0.001           0.8686 3.02s
1               4               0.0001          0.8525 3.00s
1               8               10              0.7830 3.02s
1               8               1               0.8245 3.01s
1               8               0.1             0.8688 3.00s
1               8               0.01            0.8541 2.99s
1               8               0.001           0.8623 3.01s
1               8               0.0001          0.8663 3.00s
1               16              10              0.8526 3.02s
1               16              1               0.8638 3.00s
1               16              0.1             0.8379 3.00s
1               16              0.01            0.8750 2.99s
1               16              0.001           0.8694 3.00s
1               16              0.0001          0.8372 3.01s
1               32              10              0.8616 2.99s
1               32              1               0.8669 3.00s
1               32              0.1             0.8413 3.00s
1               32              0.01            0.8690 3.02s
1               32              0.001           0.8889 3.00s
1               32              0.0001          0.8314 3.00s
1               64              10              0.8501 3.00s
1               64              1               0.8588 3.01s
1               64              0.1             0.8511 3.00s
1               64              0.01            0.8679 3.01s
1               64              0.001           0.8654 3.00s
1               64              0.0001          0.8752 3.00s
0.1             4               10              0.8916 2.99s
0.1             4               1               0.9098 3.01s
0.1             4               0.1             0.8818 3.00s
0.1             4               0.01            0.9032 3.02s
0.1             4               0.001           0.8776 3.01s
0.1             4               0.0001          0.9032 3.00s
0.1             8               10              0.8873 3.00s
0.1             8               1               0.8940 3.01s
0.1             8               0.1             0.8829 3.00s
0.1             8               0.01            0.8831 3.00s
0.1             8               0.001           0.8800 3.00s
0.1             8               0.0001          0.8715 3.01s
0.1             16              10              0.8680 3.00s
0.1             16              1               0.8886 3.01s
0.1             16              0.1             0.8798 3.02s
0.1             16              0.01            0.8898 3.01s
0.1             16              0.001           0.8991 2.99s
0.1             16              0.0001          0.9280 3.00s
0.1             32              10              0.8948 3.02s
0.1             32              1               0.9056 3.01s
0.1             32              0.1             0.8847 3.00s
0.1             32              0.01            0.8986 3.00s
0.1             32              0.001           0.8715 2.99s
0.1             32              0.0001          0.8745 3.01s
0.1             64              10              0.8673 3.01s
0.1             64              1               0.8564 3.00s
0.1             64              0.1             0.9109 3.01s
0.1             64              0.01            0.8647 3.01s
0.1             64              0.001           0.8813 3.01s
0.1             64              0.0001          0.8718 3.00s
0.01            4               10              0.8883 2.99s
0.01            4               1               0.9059 3.00s
0.01            4               0.1             0.8933 2.99s
0.01            4               0.01            0.8977 2.99s
0.01            4               0.001           0.8845 2.98s
0.01            4               0.0001          0.9089 3.00s
0.01            8               10              0.9089 3.01s
0.01            8               1               0.8913 2.99s
0.01            8               0.1             0.8872 2.99s
0.01            8               0.01            0.8896 3.00s
0.01            8               0.001           0.8827 3.00s
0.01            8               0.0001          0.9055 3.01s
0.01            16              10              0.9041 3.02s
0.01            16              1               0.8640 3.01s
0.01            16              0.1             0.9018 3.01s
0.01            16              0.01            0.9153 3.01s
0.01            16              0.001           0.8833 3.01s
0.01            16              0.0001          0.8950 3.00s
0.01            32              10              0.8850 3.00s
0.01            32              1               0.9041 3.01s
0.01            32              0.1             0.9077 3.00s
0.01            32              0.01            0.8835 3.01s
0.01            32              0.001           0.9057 3.01s
0.01            32              0.0001          0.8879 2.99s
0.01            64              10              0.8946 3.00s
0.01            64              1               0.9051 3.00s
0.01            64              0.1             0.9150 3.00s
0.01            64              0.01            0.8826 3.00s
0.01            64              0.001           0.8979 3.01s
0.01            64              0.0001          0.9095 3.00s
0.001           4               10              0.8588 3.00s
0.001           4               1               0.9069 3.01s
0.001           4               0.1             0.8887 2.99s
0.001           4               0.01            0.8807 3.01s
0.001           4               0.001           0.9001 3.02s
0.001           4               0.0001          0.8922 3.01s
0.001           8               10              0.8665 2.99s
0.001           8               1               0.8444 2.99s
0.001           8               0.1             0.8794 2.99s
0.001           8               0.01            0.9043 2.99s
0.001           8               0.001           0.8938 2.99s
0.001           8               0.0001          0.8965 3.00s
0.001           16              10              0.8920 3.00s
0.001           16              1               0.8868 3.01s
0.001           16              0.1             0.8763 3.01s
0.001           16              0.01            0.8777 3.01s
0.001           16              0.001           0.8697 2.99s
0.001           16              0.0001          0.8812 3.00s
0.001           32              10              0.8907 3.00s
0.001           32              1               0.8860 2.99s
0.001           32              0.1             0.8837 2.99s
0.001           32              0.01            0.8759 3.01s
0.001           32              0.001           0.9084 3.01s
0.001           32              0.0001          0.8801 3.01s
0.001           64              10              0.8847 3.01s
0.001           64              1               0.8941 2.98s
0.001           64              0.1             0.8791 3.00s
0.001           64              0.01            0.8844 2.96s
0.001           64              0.001           0.8897 3.01s
0.001           64              0.0001          0.8815 2.99s

Best Parameters: {'memory_len': 16, 'beta': 0.0001, 'lr': 0.1, 'epochs': 5000, 'batch_size': 1}
Best ROC-AUC: 0.928042328042328
Best Model saved as: ionosphere_RQ1_15.pt
