Learning Rate   Memory Size     Beta            AUC             Time           
0.01            256             0.01            0.5000 294.29s
0.01            256             0.001           0.5000 294.38s
0.01            256             0.0001          0.5000 294.59s
0.01            256             1e-05           0.5000 297.00s
0.01            1024            0.01            0.5000 296.58s
0.01            1024            0.001           0.5000 295.19s
0.01            1024            0.0001          0.5000 294.82s
0.01            1024            1e-05           0.5000 295.80s
0.001           256             0.01            0.5000 296.39s
0.001           256             0.001           0.5000 295.17s
0.001           256             0.0001          0.5000 292.72s
0.001           256             1e-05           0.5000 293.55s
0.001           1024            0.01            0.5000 296.01s
0.001           1024            0.001           0.5000 295.76s
0.001           1024            0.0001          0.5000 291.39s
0.001           1024            1e-05           0.5000 293.25s
0.0001          256             0.01            0.1604 291.60s
0.0001          256             0.001           0.5000 292.00s
0.0001          256             0.0001          0.5000 292.62s
0.0001          256             1e-05           0.5000 293.29s
0.0001          1024            0.01            0.5000 291.80s
0.0001          1024            0.001           0.1497 293.09s
0.0001          1024            0.0001          0.5000 291.36s
0.0001          1024            1e-05           0.5000 292.12s
1e-05           256             0.01            0.2133 291.53s
1e-05           256             0.001           0.2134 292.44s
1e-05           256             0.0001          0.8548 290.97s
1e-05           256             1e-05           0.2134 291.46s
1e-05           1024            0.01            0.2133 290.99s
1e-05           1024            0.001           0.2133 293.33s
1e-05           1024            0.0001          0.8152 291.25s
1e-05           1024            1e-05           0.2133 293.67s

Best Parameters: {'memory_len': 256, 'beta': 0.0001, 'lr': 1e-05, 'epochs': 5000, 'batch_size': 1}
Best ROC-AUC: 0.8547961306383185
Best Model saved as: KDD_RQ1_1.pt
