Learning Rate   Memory Size     Beta            AUC             Time           
1               128             10              0.5415 190.61s
1               128             1               0.7881 159.80s
1               128             0.1             0.1958 160.12s
1               128             0.01            0.3191 160.16s
1               128             0.001           0.5839 159.97s
1               128             0.0001          0.3197 159.78s
1               256             10              0.5277 190.22s
1               256             1               0.1752 159.95s
1               256             0.1             0.1254 159.99s
1               256             0.01            0.1565 159.57s
1               256             0.001           0.1554 158.01s
1               256             0.0001          0.2066 158.03s
1               512             10              0.6191 158.43s
1               512             1               0.9333 157.93s
1               512             0.1             0.0955 158.24s
1               512             0.01            0.2167 157.85s
1               512             0.001           0.1804 158.37s
1               512             0.0001          0.2506 157.00s
1               1024            10              0.7578 158.04s
1               1024            1               0.7833 157.72s
1               1024            0.1             0.0775 157.48s
1               1024            0.01            0.2127 157.27s
1               1024            0.001           0.1336 157.42s
1               1024            0.0001          0.2844 157.44s
1               2048            10              0.4356 158.17s
1               2048            1               0.2853 157.67s
1               2048            0.1             0.1414 156.93s
1               2048            0.01            0.2854 156.99s
1               2048            0.001           0.3609 157.22s
1               2048            0.0001          0.2687 157.67s
0.1             128             10              0.9215 187.01s
0.1             128             1               0.9340 162.11s
0.1             128             0.1             0.8721 157.49s
0.1             128             0.01            0.2701 157.28s
0.1             128             0.001           0.2829 157.52s
0.1             128             0.0001          0.0870 157.26s
0.1             256             10              0.8523 187.05s
0.1             256             1               0.8368 160.27s
0.1             256             0.1             0.7962 157.62s
0.1             256             0.01            0.3356 156.99s
0.1             256             0.001           0.3462 157.49s
0.1             256             0.0001          0.1196 157.24s
0.1             512             10              0.3537 157.94s
0.1             512             1               0.9456 157.91s
0.1             512             0.1             0.7558 157.27s
0.1             512             0.01            0.3180 157.45s
0.1             512             0.001           0.3409 157.11s
0.1             512             0.0001          0.3850 157.27s
0.1             1024            10              0.3750 158.28s
0.1             1024            1               0.9117 157.75s
0.1             1024            0.1             0.6534 157.38s
0.1             1024            0.01            0.5040 157.76s
0.1             1024            0.001           0.2494 158.14s
0.1             1024            0.0001          0.2684 157.46s
0.1             2048            10              0.4815 157.79s
0.1             2048            1               0.9212 158.16s
0.1             2048            0.1             0.7175 157.31s
0.1             2048            0.01            0.3103 157.22s
0.1             2048            0.001           0.3342 157.15s
0.1             2048            0.0001          0.3462 157.51s
0.01            128             10              0.9266 186.95s
0.01            128             1               0.9104 183.98s
0.01            128             0.1             0.6774 157.58s
0.01            128             0.01            0.7457 157.53s
0.01            128             0.001           0.6924 156.86s
0.01            128             0.0001          0.9187 157.15s
0.01            256             10              0.8036 187.14s
0.01            256             1               0.7641 183.39s
0.01            256             0.1             0.7227 157.17s
0.01            256             0.01            0.8496 157.67s
0.01            256             0.001           0.9251 157.29s
0.01            256             0.0001          0.8354 157.31s
0.01            512             10              0.5689 158.21s
0.01            512             1               0.2993 157.90s
0.01            512             0.1             0.9075 157.19s
0.01            512             0.01            0.7576 157.58s
0.01            512             0.001           0.8591 157.83s
0.01            512             0.0001          0.7401 157.65s
0.01            1024            10              0.2562 157.87s
0.01            1024            1               0.2871 157.95s
0.01            1024            0.1             0.9369 157.18s
0.01            1024            0.01            0.6825 157.17s
0.01            1024            0.001           0.8076 157.31s
0.01            1024            0.0001          0.7389 157.26s
0.01            2048            10              0.2878 157.69s
0.01            2048            1               0.3943 158.07s
0.01            2048            0.1             0.6321 157.72s
0.01            2048            0.01            0.6604 156.96s
0.01            2048            0.001           0.7076 157.30s
0.01            2048            0.0001          0.9084 157.18s
0.001           128             10              0.7552 186.93s
0.001           128             1               0.7626 186.73s
0.001           128             0.1             0.9037 170.97s
0.001           128             0.01            0.9093 171.17s
0.001           128             0.001           0.9192 157.35s
0.001           128             0.0001          0.7880 157.50s
0.001           256             10              0.8273 186.99s
0.001           256             1               0.8281 186.65s
0.001           256             0.1             0.9214 170.83s
0.001           256             0.01            0.8430 171.16s
0.001           256             0.001           0.7973 157.21s
0.001           256             0.0001          0.7784 157.88s
0.001           512             10              0.3459 158.51s
0.001           512             1               0.3450 157.71s
0.001           512             0.1             0.7500 157.88s
0.001           512             0.01            0.7510 158.11s
0.001           512             0.001           0.7676 157.42s
0.001           512             0.0001          0.7673 157.60s
0.001           1024            10              0.3416 158.34s
0.001           1024            1               0.3544 157.93s
0.001           1024            0.1             0.7702 158.03s
0.001           1024            0.01            0.7572 157.78s
0.001           1024            0.001           0.7898 157.26s
0.001           1024            0.0001          0.7630 157.63s
0.001           2048            10              0.3505 157.84s
0.001           2048            1               0.3478 157.95s
0.001           2048            0.1             0.7618 157.11s
0.001           2048            0.01            0.8122 157.39s
0.001           2048            0.001           0.7514 157.56s
0.001           2048            0.0001          0.7992 157.37s

Best Parameters: {'memory_len': 512, 'beta': 1, 'lr': 0.1, 'epochs': 5000, 'batch_size': 1}
Best ROC-AUC: 0.9455904996789779
Best Model saved as: KDD_RQ1_4.pt
