Learning Rate   Memory Size     Beta            AUC             Time           
1               128             10              0.7405 143.41s
1               128             1               0.7462 140.19s
1               128             0.1             0.7412 140.06s
1               128             0.01            0.7447 139.79s
1               128             0.001           0.7376 142.05s
1               128             0.0001          0.7403 139.92s
1               256             10              0.7454 142.25s
1               256             1               0.7465 141.58s
1               256             0.1             0.7443 140.25s
1               256             0.01            0.7436 141.59s
1               256             0.001           0.7439 140.52s
1               256             0.0001          0.7436 140.84s
