Learning Rate   Memory Size     Beta            AUC             Time           
1               128             10              0.7405 141.32s
1               128             1               0.7462 140.90s
1               128             0.1             0.7412 140.99s
1               128             0.01            0.7447 140.97s
1               128             0.001           0.7376 142.43s
1               128             0.0001          0.7403 141.31s
1               256             10              0.7454 141.44s
1               256             1               0.7465 142.33s
1               256             0.1             0.7443 141.59s
1               256             0.01            0.7436 141.53s
1               256             0.001           0.7439 142.10s
1               256             0.0001          0.7436 141.76s
