Learning Rate   Memory Size     Beta            AUC             Time           
1               128             10              0.9679 140.28s
1               128             1               0.9465 140.19s
1               128             0.1             0.9606 141.47s
1               128             0.01            0.8941 140.94s
1               128             0.001           0.7434 141.43s
1               128             0.0001          0.7695 141.18s
1               256             10              0.9596 141.32s
1               256             1               0.8080 140.09s
1               256             0.1             0.9420 140.02s
1               256             0.01            0.9223 139.89s
1               256             0.001           0.7544 139.81s
1               256             0.0001          0.9443 139.77s
1               512             10              0.5897 140.26s
1               512             1               0.8467 140.47s
1               512             0.1             0.8137 140.01s
1               512             0.01            0.9600 139.78s
1               512             0.001           0.8081 141.68s
1               512             0.0001          0.9361 141.22s
1               1024            10              0.6002 141.32s
1               1024            1               0.8349 141.19s
1               1024            0.1             0.6411 140.30s
1               1024            0.01            0.8542 140.25s
1               1024            0.001           0.8969 140.33s
1               1024            0.0001          0.9876 140.83s
1               2048            10              0.6028 141.51s
1               2048            1               0.9092 140.92s
1               2048            0.1             0.8430 141.75s
1               2048            0.01            0.9266 141.03s
1               2048            0.001           0.7684 140.08s
1               2048            0.0001          0.9685 144.52s
0.1             128             10              0.7959 160.40s
0.1             128             1               0.7371 142.31s
0.1             128             0.1             0.8458 144.07s
0.1             128             0.01            0.7865 142.68s
0.1             128             0.001           0.7547 143.17s
0.1             128             0.0001          0.9162 143.27s
0.1             256             10              0.9061 144.22s
0.1             256             1               0.6787 139.11s
0.1             256             0.1             0.9319 138.31s
0.1             256             0.01            0.7945 139.50s
0.1             256             0.001           0.9615 139.64s
0.1             256             0.0001          0.8084 138.77s
0.1             512             10              0.6158 138.70s
0.1             512             1               0.9492 139.02s
0.1             512             0.1             0.9295 138.31s
0.1             512             0.01            0.9411 140.36s
0.1             512             0.001           0.6641 138.32s
0.1             512             0.0001          0.9112 139.46s
0.1             1024            10              0.6087 140.34s
0.1             1024            1               0.8407 140.33s
0.1             1024            0.1             0.8728 140.00s
0.1             1024            0.01            0.9650 139.99s
0.1             1024            0.001           0.8580 140.06s
0.1             1024            0.0001          0.8240 139.94s
0.1             2048            10              0.5242 140.31s
0.1             2048            1               0.7396 140.25s
0.1             2048            0.1             0.6201 140.00s
0.1             2048            0.01            0.7818 139.54s
0.1             2048            0.001           0.8780 139.11s
0.1             2048            0.0001          0.9099 139.41s
0.01            128             10              0.8186 154.30s
0.01            128             1               0.9803 140.25s
0.01            128             0.1             0.9407 139.54s
0.01            128             0.01            0.9359 139.47s
0.01            128             0.001           0.9209 139.74s
0.01            128             0.0001          0.9319 139.78s
0.01            256             10              0.7658 153.49s
0.01            256             1               0.9710 140.01s
0.01            256             0.1             0.9366 140.10s
0.01            256             0.01            0.9387 139.65s
0.01            256             0.001           0.9381 139.55s
0.01            256             0.0001          0.9402 139.97s
0.01            512             10              0.9395 140.57s
0.01            512             1               0.9379 140.70s
0.01            512             0.1             0.9381 140.38s
0.01            512             0.01            0.9394 140.06s
0.01            512             0.001           0.9321 140.31s
0.01            512             0.0001          0.9385 139.07s
0.01            1024            10              0.9394 140.14s
0.01            1024            1               0.9386 140.75s
0.01            1024            0.1             0.9062 140.20s
0.01            1024            0.01            0.9373 145.89s
0.01            1024            0.001           0.9398 143.95s
0.01            1024            0.0001          0.9383 143.03s
0.01            2048            10              0.9379 143.68s
0.01            2048            1               0.9296 143.66s
0.01            2048            0.1             0.9317 143.29s
0.01            2048            0.01            0.9350 143.15s
0.01            2048            0.001           0.9320 142.85s
0.01            2048            0.0001          0.9387 142.94s
0.001           128             10              0.8248 158.44s
0.001           128             1               0.9441 144.10s
0.001           128             0.1             0.9315 142.46s
0.001           128             0.01            0.9353 142.48s
0.001           128             0.001           0.9431 142.04s
0.001           128             0.0001          0.9384 141.84s
0.001           256             10              0.7519 156.11s
0.001           256             1               0.9339 142.28s
0.001           256             0.1             0.9331 140.98s
0.001           256             0.01            0.9359 140.69s
0.001           256             0.001           0.9323 140.76s
0.001           256             0.0001          0.9330 140.83s
0.001           512             10              0.9329 141.63s
0.001           512             1               0.9327 141.34s
0.001           512             0.1             0.9377 141.36s
0.001           512             0.01            0.9395 141.22s
0.001           512             0.001           0.9350 141.76s
0.001           512             0.0001          0.9340 144.37s
0.001           1024            10              0.9321 142.72s
0.001           1024            1               0.9729 142.57s
0.001           1024            0.1             0.9383 142.45s
0.001           1024            0.01            0.9339 141.96s
0.001           1024            0.001           0.9345 142.19s
0.001           1024            0.0001          0.9360 142.05s
0.001           2048            10              0.9353 142.95s
0.001           2048            1               0.9388 142.20s
0.001           2048            0.1             0.9515 141.89s
0.001           2048            0.01            0.9402 142.31s
0.001           2048            0.001           0.9352 142.13s
0.001           2048            0.0001          0.9446 142.30s

Best Parameters: {'memory_len': 1024, 'beta': 0.0001, 'lr': 1, 'epochs': 5000, 'batch_size': 1}
Best ROC-AUC: 0.9875754420466101
Best Model saved as: KDD_RQ1_10.pt
