Learning Rate   Memory Size     Beta            AUC             Time           
0.01            128             1e-05           0.5000 299.00s
0.01            128             1e-06           0.5000 303.53s
0.01            128             1e-07           0.5000 303.65s
0.01            128             1e-08           0.5000 301.35s
0.01            256             1e-05           0.5000 298.94s
0.01            256             1e-06           0.5000 303.77s
0.01            256             1e-07           0.5000 300.86s
0.01            256             1e-08           0.5000 300.90s
0.01            512             1e-05           0.5000 301.56s
0.01            512             1e-06           0.5000 308.45s
0.01            512             1e-07           0.5000 298.84s
0.01            512             1e-08           0.5000 300.66s
0.01            1024            1e-05           0.5000 299.86s
0.01            1024            1e-06           0.5000 297.59s
0.01            1024            1e-07           0.5000 297.43s
0.01            1024            1e-08           0.5000 296.75s
0.01            2048            1e-05           0.5000 297.21s
0.01            2048            1e-06           0.5000 296.46s
0.01            2048            1e-07           0.5000 296.75s
0.01            2048            1e-08           0.5000 296.88s
0.001           128             1e-05           0.5000 294.68s
0.001           128             1e-06           0.5000 294.91s
0.001           128             1e-07           0.5000 299.24s
0.001           128             1e-08           0.5000 300.22s
0.001           256             1e-05           0.5000 298.80s
0.001           256             1e-06           0.5000 298.63s
0.001           256             1e-07           0.5000 294.11s
0.001           256             1e-08           0.5000 294.05s
0.001           512             1e-05           0.5000 294.70s
0.001           512             1e-06           0.5000 294.70s
0.001           512             1e-07           0.5000 293.70s
0.001           512             1e-08           0.5000 292.56s
0.001           1024            1e-05           0.5000 296.57s
0.001           1024            1e-06           0.5000 292.27s
0.001           1024            1e-07           0.5000 293.02s
0.001           1024            1e-08           0.5000 292.27s
0.001           2048            1e-05           0.5000 293.38s
0.001           2048            1e-06           0.5000 294.07s
0.001           2048            1e-07           0.5000 295.51s
0.001           2048            1e-08           0.5000 292.51s
0.0001          128             1e-05           0.5000 294.29s
0.0001          128             1e-06           0.5000 293.68s
0.0001          128             1e-07           0.5000 292.59s
0.0001          128             1e-08           0.5000 291.88s
0.0001          256             1e-05           0.8496 292.30s
0.0001          256             1e-06           0.5000 292.85s
0.0001          256             1e-07           0.5000 293.36s
0.0001          256             1e-08           0.5000 294.45s
0.0001          512             1e-05           0.8495 293.39s
0.0001          512             1e-06           0.1493 291.58s
0.0001          512             1e-07           0.1503 293.03s
0.0001          512             1e-08           0.5000 292.51s
0.0001          1024            1e-05           0.8494 291.90s
0.0001          1024            1e-06           0.5000 292.25s
0.0001          1024            1e-07           0.8541 293.39s
0.0001          1024            1e-08           0.5000 291.92s
0.0001          2048            1e-05           0.8523 295.81s
0.0001          2048            1e-06           0.5000 293.97s
0.0001          2048            1e-07           0.8481 291.78s
0.0001          2048            1e-08           0.5000 292.33s
1e-05           128             1e-05           0.2824 292.88s
1e-05           128             1e-06           0.2799 291.44s
1e-05           128             1e-07           0.2650 291.74s
1e-05           128             1e-08           0.7446 293.63s
1e-05           256             1e-05           0.2644 293.06s
1e-05           256             1e-06           0.8542 296.24s
1e-05           256             1e-07           0.7867 296.14s
1e-05           256             1e-08           0.8152 292.00s
1e-05           512             1e-05           0.2800 294.00s
1e-05           512             1e-06           0.2133 293.30s
1e-05           512             1e-07           0.2134 296.56s
1e-05           512             1e-08           0.2762 296.61s
1e-05           1024            1e-05           0.1829 292.52s
1e-05           1024            1e-06           0.2645 294.38s
1e-05           1024            1e-07           0.7867 291.82s
1e-05           1024            1e-08           0.2134 293.44s
1e-05           2048            1e-05           0.2134 296.13s
1e-05           2048            1e-06           0.2134 297.10s
1e-05           2048            1e-07           0.2134 296.19s
1e-05           2048            1e-08           0.2555 291.57s

Best Parameters: {'memory_len': 256, 'beta': 1e-06, 'lr': 1e-05, 'epochs': 5000, 'batch_size': 1}
Best ROC-AUC: 0.8542399804285171
Best Model saved as: KDD_RQ1_2.pt
