Learning Rate   Memory Size     Beta            AUC             Time           
1               4               10              0.8560 3.00s
1               4               1               0.8261 3.01s
1               4               0.1             0.8684 2.98s
1               4               0.01            0.8613 3.00s
1               4               0.001           0.8555 2.99s
1               4               0.0001          0.8688 3.04s
1               8               10              0.8503 2.98s
1               8               1               0.8367 2.98s
1               8               0.1             0.8758 3.13s
1               8               0.01            0.8015 2.97s
1               8               0.001           0.8396 2.97s
1               8               0.0001          0.8596 2.98s
1               16              10              0.8775 3.14s
1               16              1               0.8756 3.14s
1               16              0.1             0.8764 3.13s
1               16              0.01            0.8553 3.14s
1               16              0.001           0.8657 3.15s
1               16              0.0001          0.8620 3.14s
1               32              10              0.8549 3.13s
1               32              1               0.8788 3.14s
1               32              0.1             0.8514 3.13s
1               32              0.01            0.8716 2.98s
1               32              0.001           0.8283 2.97s
1               32              0.0001          0.8738 2.96s
1               64              10              0.8550 2.98s
1               64              1               0.8677 2.98s
1               64              0.1             0.8726 2.97s
1               64              0.01            0.8683 2.98s
1               64              0.001           0.8435 2.96s
1               64              0.0001          0.8705 3.13s
0.1             4               10              0.8825 3.12s
0.1             4               1               0.8886 3.13s
0.1             4               0.1             0.8758 3.01s
0.1             4               0.01            0.9007 2.97s
0.1             4               0.001           0.8620 2.98s
0.1             4               0.0001          0.9251 2.97s
0.1             8               10              0.8914 3.11s
0.1             8               1               0.9111 3.13s
0.1             8               0.1             0.9115 3.14s
0.1             8               0.01            0.8727 3.15s
0.1             8               0.001           0.9005 3.14s
0.1             8               0.0001          0.8935 3.14s
0.1             16              10              0.8884 3.13s
0.1             16              1               0.8747 3.15s
0.1             16              0.1             0.9168 3.14s
0.1             16              0.01            0.9050 2.96s
0.1             16              0.001           0.8932 2.99s
0.1             16              0.0001          0.8971 2.99s
0.1             32              10              0.9013 3.14s
0.1             32              1               0.8550 3.14s
0.1             32              0.1             0.8980 3.14s
0.1             32              0.01            0.9061 3.13s
0.1             32              0.001           0.9214 3.13s
0.1             32              0.0001          0.9089 3.15s
0.1             64              10              0.8794 3.15s
0.1             64              1               0.8981 3.14s
0.1             64              0.1             0.9158 3.14s
0.1             64              0.01            0.8864 3.14s
0.1             64              0.001           0.8992 3.15s
0.1             64              0.0001          0.8969 3.15s
0.01            4               10              0.8789 3.14s
0.01            4               1               0.9082 3.13s
0.01            4               0.1             0.8973 3.15s
0.01            4               0.01            0.8977 3.13s
0.01            4               0.001           0.9079 3.13s
0.01            4               0.0001          0.9022 3.13s
0.01            8               10              0.8628 3.15s
0.01            8               1               0.9131 3.07s
0.01            8               0.1             0.9060 2.98s
0.01            8               0.01            0.8810 2.99s
0.01            8               0.001           0.9157 2.98s
0.01            8               0.0001          0.9099 3.07s
0.01            16              10              0.9155 2.96s
0.01            16              1               0.8646 3.09s
0.01            16              0.1             0.9022 3.18s
0.01            16              0.01            0.9006 3.07s
0.01            16              0.001           0.8809 3.16s
0.01            16              0.0001          0.8866 3.05s
0.01            32              10              0.9016 2.98s
0.01            32              1               0.9002 3.13s
0.01            32              0.1             0.9165 3.13s
0.01            32              0.01            0.9040 3.16s
0.01            32              0.001           0.8861 2.98s
0.01            32              0.0001          0.8924 3.15s
0.01            64              10              0.8896 3.16s
0.01            64              1               0.8426 2.98s
0.01            64              0.1             0.8941 2.98s
0.01            64              0.01            0.9210 2.97s
0.01            64              0.001           0.9043 2.97s
0.01            64              0.0001          0.8909 2.98s
0.001           4               10              0.8932 2.98s
0.001           4               1               0.8699 2.98s
0.001           4               0.1             0.8991 2.96s
0.001           4               0.01            0.9102 3.14s
0.001           4               0.001           0.9043 3.14s
0.001           4               0.0001          0.8782 2.99s
0.001           8               10              0.8868 2.99s
0.001           8               1               0.9013 2.99s
0.001           8               0.1             0.8933 3.15s
0.001           8               0.01            0.9025 2.99s
0.001           8               0.001           0.9025 2.98s
0.001           8               0.0001          0.8975 2.97s
0.001           16              10              0.8980 2.98s
0.001           16              1               0.9048 2.98s
0.001           16              0.1             0.8993 3.14s
0.001           16              0.01            0.8869 2.97s
0.001           16              0.001           0.8691 3.11s
0.001           16              0.0001          0.8705 2.98s
0.001           32              10              0.9090 2.97s
0.001           32              1               0.8994 2.97s
0.001           32              0.1             0.8987 3.07s
0.001           32              0.01            0.8531 3.14s
0.001           32              0.001           0.8930 3.15s
0.001           32              0.0001          0.8838 3.15s
0.001           64              10              0.8811 2.96s
0.001           64              1               0.9060 2.96s
0.001           64              0.1             0.8972 2.97s
0.001           64              0.01            0.8783 2.99s
0.001           64              0.001           0.8936 2.97s
0.001           64              0.0001          0.8822 2.97s

Best Parameters: {'memory_len': 4, 'beta': 0.0001, 'lr': 0.1, 'epochs': 5000, 'batch_size': 1}
Best ROC-AUC: 0.9251146384479718
Best Model saved as: ionosphere_RQ1_11.pt
