Learning Rate   Memory Size     Beta            AUC             Time           
1               4               10              0.8420 2.97s
1               4               1               0.8508 2.98s
1               4               0.1             0.8583 2.95s
1               4               0.01            0.8641 2.96s
1               4               0.001           0.8614 2.96s
1               4               0.0001          0.8531 2.96s
1               8               10              0.8557 3.15s
1               8               1               0.8524 3.14s
1               8               0.1             0.8517 3.14s
1               8               0.01            0.8844 3.15s
1               8               0.001           0.8617 3.14s
1               8               0.0001          0.8772 3.09s
1               16              10              0.8475 2.98s
1               16              1               0.8642 3.12s
1               16              0.1             0.8420 3.13s
1               16              0.01            0.7732 3.12s
1               16              0.001           0.8520 3.11s
1               16              0.0001          0.8611 3.08s
1               32              10              0.8776 3.14s
1               32              1               0.8389 3.13s
1               32              0.1             0.8778 3.13s
1               32              0.01            0.8534 3.13s
1               32              0.001           0.8755 3.12s
1               32              0.0001          0.8538 3.13s
1               64              10              0.8443 3.13s
1               64              1               0.8844 3.13s
1               64              0.1             0.8616 3.12s
1               64              0.01            0.8638 3.14s
1               64              0.001           0.8705 3.12s
1               64              0.0001          0.8448 2.96s
0.1             4               10              0.8946 3.13s
0.1             4               1               0.8969 2.96s
0.1             4               0.1             0.8742 2.96s
0.1             4               0.01            0.8849 2.95s
0.1             4               0.001           0.8845 2.95s
0.1             4               0.0001          0.8827 2.95s
0.1             8               10              0.9093 2.96s
0.1             8               1               0.8817 2.95s
0.1             8               0.1             0.9002 2.95s
0.1             8               0.01            0.8797 3.12s
0.1             8               0.001           0.9011 3.11s
0.1             8               0.0001          0.8994 3.13s
0.1             16              10              0.8724 2.96s
0.1             16              1               0.8905 2.96s
0.1             16              0.1             0.8851 2.96s
0.1             16              0.01            0.8812 2.96s
0.1             16              0.001           0.8870 2.94s
0.1             16              0.0001          0.8923 2.95s
0.1             32              10              0.9086 2.99s
0.1             32              1               0.9150 3.10s
0.1             32              0.1             0.8936 3.11s
0.1             32              0.01            0.9133 3.12s
0.1             32              0.001           0.8935 3.13s
0.1             32              0.0001          0.8913 3.12s
0.1             64              10              0.8623 3.12s
0.1             64              1               0.8653 3.13s
0.1             64              0.1             0.8917 3.13s
0.1             64              0.01            0.8704 2.96s
0.1             64              0.001           0.8845 2.95s
0.1             64              0.0001          0.8908 2.95s
0.01            4               10              0.9012 3.12s
0.01            4               1               0.9072 3.11s
0.01            4               0.1             0.9052 2.96s
0.01            4               0.01            0.8839 3.11s
0.01            4               0.001           0.8873 3.11s
0.01            4               0.0001          0.8945 3.11s
0.01            8               10              0.9144 3.12s
0.01            8               1               0.8857 3.11s
0.01            8               0.1             0.8988 3.13s
0.01            8               0.01            0.8969 3.13s
0.01            8               0.001           0.9144 3.13s
0.01            8               0.0001          0.9039 3.12s
0.01            16              10              0.8783 3.12s
0.01            16              1               0.9028 3.10s
0.01            16              0.1             0.9073 3.13s
0.01            16              0.01            0.8644 3.03s
0.01            16              0.001           0.9124 3.11s
0.01            16              0.0001          0.8986 3.12s
0.01            32              10              0.9106 3.12s
0.01            32              1               0.9070 3.12s
0.01            32              0.1             0.9140 3.13s
0.01            32              0.01            0.9065 3.12s
0.01            32              0.001           0.9022 3.11s
0.01            32              0.0001          0.8771 3.12s
0.01            64              10              0.8681 3.11s
0.01            64              1               0.9024 2.96s
0.01            64              0.1             0.9064 3.12s
0.01            64              0.01            0.8908 3.12s
0.01            64              0.001           0.8843 3.12s
0.01            64              0.0001          0.9162 2.95s
0.001           4               10              0.8958 3.12s
0.001           4               1               0.9034 3.12s
0.001           4               0.1             0.8758 3.13s
0.001           4               0.01            0.9002 3.12s
0.001           4               0.001           0.8723 3.12s
0.001           4               0.0001          0.8801 3.12s
0.001           8               10              0.8864 3.12s
0.001           8               1               0.8778 3.11s
0.001           8               0.1             0.8575 3.11s
0.001           8               0.01            0.9068 3.12s
0.001           8               0.001           0.8846 3.12s
0.001           8               0.0001          0.9008 3.12s
0.001           16              10              0.8740 3.13s
0.001           16              1               0.9041 3.14s
0.001           16              0.1             0.8937 3.11s
0.001           16              0.01            0.8632 3.10s
0.001           16              0.001           0.8831 2.96s
0.001           16              0.0001          0.8805 3.03s
0.001           32              10              0.9146 2.97s
0.001           32              1               0.8796 2.96s
0.001           32              0.1             0.8855 2.96s
0.001           32              0.01            0.8695 2.94s
0.001           32              0.001           0.8944 2.95s
0.001           32              0.0001          0.9134 2.95s
0.001           64              10              0.9011 2.97s
0.001           64              1               0.9070 2.94s
0.001           64              0.1             0.9042 2.95s
0.001           64              0.01            0.8646 2.94s
0.001           64              0.001           0.8662 2.97s
0.001           64              0.0001          0.8929 2.97s

Best Parameters: {'memory_len': 64, 'beta': 0.0001, 'lr': 0.01, 'epochs': 5000, 'batch_size': 1}
Best ROC-AUC: 0.9161904761904761
Best Model saved as: ionosphere_RQ1_9.pt
