Learning Rate   Memory Size     Beta            AUC             Time           
1               4               10              0.8849 2.97s
1               4               1               0.8580 2.97s
1               4               0.1             0.8525 3.28s
1               4               0.01            0.8720 3.13s
1               4               0.001           0.8686 3.13s
1               4               0.0001          0.8525 3.11s
1               8               10              0.7830 3.11s
1               8               1               0.8245 3.11s
1               8               0.1             0.8688 2.95s
1               8               0.01            0.8541 3.07s
1               8               0.001           0.8623 3.12s
1               8               0.0001          0.8663 3.12s
1               16              10              0.8526 2.97s
1               16              1               0.8638 3.12s
1               16              0.1             0.8379 3.12s
1               16              0.01            0.8750 3.14s
1               16              0.001           0.8694 3.14s
1               16              0.0001          0.8372 3.00s
1               32              10              0.8616 2.98s
1               32              1               0.8669 3.12s
1               32              0.1             0.8413 3.00s
1               32              0.01            0.8690 2.98s
1               32              0.001           0.8889 3.14s
1               32              0.0001          0.8314 3.14s
1               64              10              0.8501 3.14s
1               64              1               0.8588 3.15s
1               64              0.1             0.8511 3.13s
1               64              0.01            0.8679 3.04s
1               64              0.001           0.8654 3.02s
1               64              0.0001          0.8752 3.15s
0.1             4               10              0.8916 3.11s
0.1             4               1               0.9098 3.12s
0.1             4               0.1             0.8818 3.13s
0.1             4               0.01            0.9032 3.14s
0.1             4               0.001           0.8776 3.12s
0.1             4               0.0001          0.9032 2.98s
0.1             8               10              0.8873 2.98s
0.1             8               1               0.8940 3.12s
0.1             8               0.1             0.8829 2.97s
0.1             8               0.01            0.8831 2.98s
0.1             8               0.001           0.8800 2.97s
0.1             8               0.0001          0.8715 2.99s
0.1             16              10              0.8680 3.00s
0.1             16              1               0.8886 3.09s
0.1             16              0.1             0.8798 3.01s
0.1             16              0.01            0.8898 3.14s
0.1             16              0.001           0.8991 2.97s
0.1             16              0.0001          0.9280 2.97s
0.1             32              10              0.8948 2.98s
0.1             32              1               0.9056 2.98s
0.1             32              0.1             0.8847 2.98s
0.1             32              0.01            0.8986 2.98s
0.1             32              0.001           0.8715 3.14s
0.1             32              0.0001          0.8745 3.16s
0.1             64              10              0.8673 3.13s
0.1             64              1               0.8564 3.14s
0.1             64              0.1             0.9109 3.14s
0.1             64              0.01            0.8647 2.98s
0.1             64              0.001           0.8813 2.99s
0.1             64              0.0001          0.8718 3.00s
0.01            4               10              0.8883 3.15s
0.01            4               1               0.9059 2.99s
0.01            4               0.1             0.8933 3.00s
0.01            4               0.01            0.8977 3.00s
0.01            4               0.001           0.8845 2.98s
0.01            4               0.0001          0.9089 3.08s
0.01            8               10              0.9089 2.99s
0.01            8               1               0.8913 2.99s
0.01            8               0.1             0.8872 2.98s
0.01            8               0.01            0.8896 2.98s
0.01            8               0.001           0.8827 3.13s
0.01            8               0.0001          0.9055 3.14s
0.01            16              10              0.9041 3.05s
0.01            16              1               0.8640 2.99s
0.01            16              0.1             0.9018 3.16s
0.01            16              0.01            0.9153 3.17s
0.01            16              0.001           0.8833 3.17s
0.01            16              0.0001          0.8950 3.12s
0.01            32              10              0.8850 3.12s
0.01            32              1               0.9041 2.98s
0.01            32              0.1             0.9077 3.16s
0.01            32              0.01            0.8835 3.00s
0.01            32              0.001           0.9057 2.99s
0.01            32              0.0001          0.8879 2.98s
0.01            64              10              0.8946 2.99s
0.01            64              1               0.9051 2.97s
0.01            64              0.1             0.9150 3.13s
0.01            64              0.01            0.8826 3.14s
0.01            64              0.001           0.8979 2.98s
0.01            64              0.0001          0.9095 2.98s
0.001           4               10              0.8588 2.99s
0.001           4               1               0.9069 3.15s
0.001           4               0.1             0.8887 3.15s
0.001           4               0.01            0.8807 3.01s
0.001           4               0.001           0.9001 2.99s
0.001           4               0.0001          0.8922 3.00s
0.001           8               10              0.8665 3.15s
0.001           8               1               0.8444 3.14s
0.001           8               0.1             0.8794 3.16s
0.001           8               0.01            0.9043 3.14s
0.001           8               0.001           0.8938 3.15s
0.001           8               0.0001          0.8965 3.14s
0.001           16              10              0.8920 2.99s
0.001           16              1               0.8868 2.98s
0.001           16              0.1             0.8763 2.98s
0.001           16              0.01            0.8777 3.10s
0.001           16              0.001           0.8697 3.15s
0.001           16              0.0001          0.8812 3.13s
0.001           32              10              0.8907 3.13s
0.001           32              1               0.8860 3.12s
0.001           32              0.1             0.8837 2.97s
0.001           32              0.01            0.8759 2.97s
0.001           32              0.001           0.9084 2.98s
0.001           32              0.0001          0.8801 2.99s
0.001           64              10              0.8847 3.00s
0.001           64              1               0.8941 2.99s
0.001           64              0.1             0.8791 2.99s
0.001           64              0.01            0.8844 2.97s
0.001           64              0.001           0.8897 2.99s
0.001           64              0.0001          0.8815 2.98s

Best Parameters: {'memory_len': 16, 'beta': 0.0001, 'lr': 0.1, 'epochs': 5000, 'batch_size': 1}
Best ROC-AUC: 0.928042328042328
Best Model saved as: ionosphere_RQ1_6.pt
