Learning Rate   Memory Size     Beta            AUC             Time           
1               4               10              0.8849 2.96s
1               4               1               0.8580 2.96s
1               4               0.1             0.8525 2.96s
1               4               0.01            0.8720 2.96s
1               4               0.001           0.8686 3.12s
1               4               0.0001          0.8525 3.11s
1               8               10              0.7830 3.11s
1               8               1               0.8245 3.12s
1               8               0.1             0.8688 3.12s
1               8               0.01            0.8541 2.95s
1               8               0.001           0.8623 2.96s
1               8               0.0001          0.8663 2.95s
1               16              10              0.8526 3.13s
1               16              1               0.8638 2.96s
1               16              0.1             0.8379 3.13s
1               16              0.01            0.8750 2.93s
1               16              0.001           0.8694 3.11s
1               16              0.0001          0.8372 2.94s
1               32              10              0.8616 2.94s
1               32              1               0.8669 2.95s
1               32              0.1             0.8413 2.96s
1               32              0.01            0.8690 2.96s
1               32              0.001           0.8889 2.96s
1               32              0.0001          0.8314 2.95s
1               64              10              0.8501 2.95s
1               64              1               0.8588 2.98s
1               64              0.1             0.8511 3.15s
1               64              0.01            0.8679 2.96s
1               64              0.001           0.8654 2.95s
1               64              0.0001          0.8752 2.96s
0.1             4               10              0.8916 2.95s
0.1             4               1               0.9098 3.14s
0.1             4               0.1             0.8818 2.96s
0.1             4               0.01            0.9032 2.95s
0.1             4               0.001           0.8776 2.96s
0.1             4               0.0001          0.9032 2.96s
0.1             8               10              0.8873 2.96s
0.1             8               1               0.8940 2.95s
0.1             8               0.1             0.8829 2.96s
0.1             8               0.01            0.8831 2.95s
0.1             8               0.001           0.8800 3.11s
0.1             8               0.0001          0.8715 3.13s
0.1             16              10              0.8680 3.13s
0.1             16              1               0.8886 3.15s
0.1             16              0.1             0.8798 3.16s
0.1             16              0.01            0.8898 3.15s
0.1             16              0.001           0.8991 2.96s
0.1             16              0.0001          0.9280 2.95s
0.1             32              10              0.8948 2.95s
0.1             32              1               0.9056 3.15s
0.1             32              0.1             0.8847 3.13s
0.1             32              0.01            0.8986 2.95s
0.1             32              0.001           0.8715 2.95s
0.1             32              0.0001          0.8745 2.96s
0.1             64              10              0.8673 2.96s
0.1             64              1               0.8564 2.95s
0.1             64              0.1             0.9109 2.94s
0.1             64              0.01            0.8647 2.95s
0.1             64              0.001           0.8813 2.96s
0.1             64              0.0001          0.8718 2.96s
0.01            4               10              0.8883 2.96s
0.01            4               1               0.9059 2.96s
0.01            4               0.1             0.8933 2.95s
0.01            4               0.01            0.8977 2.96s
0.01            4               0.001           0.8845 2.95s
0.01            4               0.0001          0.9089 2.95s
0.01            8               10              0.9089 2.96s
0.01            8               1               0.8913 3.06s
0.01            8               0.1             0.8872 3.14s
0.01            8               0.01            0.8896 3.10s
0.01            8               0.001           0.8827 2.96s
0.01            8               0.0001          0.9055 2.95s
0.01            16              10              0.9041 2.95s
0.01            16              1               0.8640 2.96s
0.01            16              0.1             0.9018 2.95s
0.01            16              0.01            0.9153 2.97s
0.01            16              0.001           0.8833 2.96s
0.01            16              0.0001          0.8950 2.95s
0.01            32              10              0.8850 2.97s
0.01            32              1               0.9041 2.96s
0.01            32              0.1             0.9077 2.95s
0.01            32              0.01            0.8835 3.03s
0.01            32              0.001           0.9057 3.14s
0.01            32              0.0001          0.8879 2.96s
0.01            64              10              0.8946 2.96s
0.01            64              1               0.9051 2.95s
0.01            64              0.1             0.9150 3.11s
0.01            64              0.01            0.8826 2.95s
0.01            64              0.001           0.8979 3.13s
0.01            64              0.0001          0.9095 2.96s
0.001           4               10              0.8588 3.04s
0.001           4               1               0.9069 3.02s
0.001           4               0.1             0.8887 2.95s
0.001           4               0.01            0.8807 2.95s
0.001           4               0.001           0.9001 2.96s
0.001           4               0.0001          0.8922 2.96s
0.001           8               10              0.8665 3.05s
0.001           8               1               0.8444 2.96s
0.001           8               0.1             0.8794 2.96s
0.001           8               0.01            0.9043 3.05s
0.001           8               0.001           0.8938 2.96s
0.001           8               0.0001          0.8965 2.96s
0.001           16              10              0.8920 3.12s
0.001           16              1               0.8868 3.05s
0.001           16              0.1             0.8763 2.95s
0.001           16              0.01            0.8777 2.96s
0.001           16              0.001           0.8697 2.96s
0.001           16              0.0001          0.8812 2.96s
0.001           32              10              0.8907 2.99s
0.001           32              1               0.8860 2.96s
0.001           32              0.1             0.8837 2.97s
0.001           32              0.01            0.8759 3.13s
0.001           32              0.001           0.9084 2.95s
0.001           32              0.0001          0.8801 2.96s
0.001           64              10              0.8847 2.96s
0.001           64              1               0.8941 2.96s
0.001           64              0.1             0.8791 3.13s
0.001           64              0.01            0.8844 2.96s
0.001           64              0.001           0.8897 2.96s
0.001           64              0.0001          0.8815 2.96s

Best Parameters: {'memory_len': 16, 'beta': 0.0001, 'lr': 0.1, 'epochs': 5000, 'batch_size': 1}
Best ROC-AUC: 0.928042328042328
