Learning Rate   Memory Size     Beta            AUC             Time           
1               4               10              0.8779 3.52s
1               4               1               0.8649 3.24s
1               4               0.1             0.8416 3.12s
1               4               0.01            0.8660 3.34s
1               4               0.001           0.8482 3.34s
1               4               0.0001          0.8538 2.98s
1               8               10              0.8629 2.97s
1               8               1               0.8509 2.98s
1               8               0.1             0.8643 2.97s
1               8               0.01            0.8534 2.98s
1               8               0.001           0.8573 3.23s
1               8               0.0001          0.8740 2.98s
1               16              10              0.8507 2.97s
1               16              1               0.8574 2.97s
1               16              0.1             0.8741 2.98s
1               16              0.01            0.8860 3.33s
1               16              0.001           0.8709 3.35s
1               16              0.0001          0.8568 3.35s
1               32              10              0.8581 3.00s
1               32              1               0.8549 3.24s
1               32              0.1             0.8669 2.98s
1               32              0.01            0.8617 2.98s
1               32              0.001           0.8538 2.98s
1               32              0.0001          0.8426 2.97s
1               64              10              0.8721 2.98s
1               64              1               0.8368 3.23s
1               64              0.1             0.8614 3.23s
1               64              0.01            0.8710 3.13s
1               64              0.001           0.8629 2.97s
1               64              0.0001          0.8527 2.97s
0.1             4               10              0.8965 2.99s
0.1             4               1               0.8905 3.22s
0.1             4               0.1             0.8840 3.09s
0.1             4               0.01            0.8972 3.22s
0.1             4               0.001           0.8539 3.23s
0.1             4               0.0001          0.9174 2.98s
0.1             8               10              0.8698 3.00s
0.1             8               1               0.8955 2.98s
0.1             8               0.1             0.8992 3.00s
0.1             8               0.01            0.9198 3.00s
0.1             8               0.001           0.8672 3.23s
0.1             8               0.0001          0.9133 2.99s
0.1             16              10              0.8734 2.99s
0.1             16              1               0.8946 3.20s
0.1             16              0.1             0.8784 3.21s
0.1             16              0.01            0.9057 2.99s
0.1             16              0.001           0.8739 3.22s
0.1             16              0.0001          0.9084 2.97s
0.1             32              10              0.8828 2.99s
0.1             32              1               0.8928 2.98s
0.1             32              0.1             0.8890 3.21s
0.1             32              0.01            0.8562 2.98s
0.1             32              0.001           0.9008 3.00s
0.1             32              0.0001          0.8973 3.18s
0.1             64              10              0.8838 3.03s
0.1             64              1               0.9001 3.19s
0.1             64              0.1             0.9019 3.17s
0.1             64              0.01            0.8961 2.99s
0.1             64              0.001           0.8480 2.99s
0.1             64              0.0001          0.8803 2.98s
0.01            4               10              0.9002 3.02s
0.01            4               1               0.9043 3.17s
0.01            4               0.1             0.9047 3.16s
0.01            4               0.01            0.9053 3.17s
0.01            4               0.001           0.9028 3.13s
0.01            4               0.0001          0.9023 2.98s
0.01            8               10              0.8864 2.99s
0.01            8               1               0.9068 2.99s
0.01            8               0.1             0.8925 3.13s
0.01            8               0.01            0.8954 2.97s
0.01            8               0.001           0.8953 2.98s
0.01            8               0.0001          0.9067 2.98s
0.01            16              10              0.9028 2.98s
0.01            16              1               0.9109 2.98s
0.01            16              0.1             0.8859 2.98s
0.01            16              0.01            0.9007 2.98s
0.01            16              0.001           0.9077 3.01s
0.01            16              0.0001          0.8582 2.98s
0.01            32              10              0.8967 3.25s
0.01            32              1               0.9051 2.97s
0.01            32              0.1             0.8953 3.00s
0.01            32              0.01            0.8873 2.97s
0.01            32              0.001           0.9050 2.98s
0.01            32              0.0001          0.9120 3.00s
0.01            64              10              0.9054 2.99s
0.01            64              1               0.8842 2.98s
0.01            64              0.1             0.9098 2.98s
0.01            64              0.01            0.8918 3.35s
0.01            64              0.001           0.8914 3.14s
0.01            64              0.0001          0.9105 2.96s
0.001           4               10              0.8962 3.46s
0.001           4               1               0.8942 3.57s
0.001           4               0.1             0.8713 3.55s
0.001           4               0.01            0.8777 3.59s
0.001           4               0.001           0.9052 3.50s
0.001           4               0.0001          0.8916 3.28s
0.001           8               10              0.8788 2.98s
0.001           8               1               0.8853 2.99s
0.001           8               0.1             0.8831 3.04s
0.001           8               0.01            0.9024 3.42s
0.001           8               0.001           0.8460 3.13s
0.001           8               0.0001          0.8798 3.00s
0.001           16              10              0.8805 3.56s
0.001           16              1               0.8720 3.03s
0.001           16              0.1             0.8866 3.25s
0.001           16              0.01            0.8782 3.42s
0.001           16              0.001           0.8674 3.20s
0.001           16              0.0001          0.8871 2.99s
0.001           32              10              0.8920 2.99s
0.001           32              1               0.8910 2.99s
0.001           32              0.1             0.8955 2.98s
0.001           32              0.01            0.8981 2.99s
0.001           32              0.001           0.8608 3.19s
0.001           32              0.0001          0.8926 3.31s
0.001           64              10              0.8614 3.12s
0.001           64              1               0.8781 3.25s
0.001           64              0.1             0.8934 3.24s
0.001           64              0.01            0.8990 2.99s
0.001           64              0.001           0.8493 2.99s
0.001           64              0.0001          0.8939 3.09s

Best Parameters: {'memory_len': 8, 'beta': 0.01, 'lr': 0.1, 'epochs': 5000, 'batch_size': 1}
Best ROC-AUC: 0.9197530864197531
Best Model saved as: ionosphere_RQ1_13.pt
