Learning Rate   Memory Size     Beta            AUC             Time           
1               4               10              0.8849 3.00s
1               4               1               0.8580 2.99s
1               4               0.1             0.8525 2.98s
1               4               0.01            0.8720 2.99s
1               4               0.001           0.8686 2.98s
1               4               0.0001          0.8525 2.98s
1               8               10              0.7830 3.00s
1               8               1               0.8245 3.16s
1               8               0.1             0.8688 3.16s
1               8               0.01            0.8541 3.16s
1               8               0.001           0.8623 3.14s
1               8               0.0001          0.8663 2.99s
1               16              10              0.8526 3.62s
1               16              1               0.8638 3.30s
1               16              0.1             0.8379 3.18s
1               16              0.01            0.8750 3.36s
1               16              0.001           0.8694 3.05s
1               16              0.0001          0.8372 3.02s
1               32              10              0.8616 3.43s
1               32              1               0.8669 3.38s
1               32              0.1             0.8413 3.40s
1               32              0.01            0.8690 3.39s
1               32              0.001           0.8889 3.39s
1               32              0.0001          0.8314 3.40s
1               64              10              0.8501 3.42s
1               64              1               0.8588 3.42s
1               64              0.1             0.8511 3.01s
1               64              0.01            0.8679 3.42s
1               64              0.001           0.8654 3.40s
1               64              0.0001          0.8752 3.39s
0.1             4               10              0.8916 3.40s
0.1             4               1               0.9098 3.42s
0.1             4               0.1             0.8818 3.38s
0.1             4               0.01            0.9032 3.44s
0.1             4               0.001           0.8776 3.42s
0.1             4               0.0001          0.9032 3.42s
0.1             8               10              0.8873 3.40s
0.1             8               1               0.8940 2.99s
0.1             8               0.1             0.8829 3.40s
0.1             8               0.01            0.8831 2.99s
0.1             8               0.001           0.8800 2.99s
0.1             8               0.0001          0.8715 3.13s
0.1             16              10              0.8680 3.15s
0.1             16              1               0.8886 2.99s
0.1             16              0.1             0.8798 2.98s
0.1             16              0.01            0.8898 3.00s
0.1             16              0.001           0.8991 3.13s
0.1             16              0.0001          0.9280 3.13s
0.1             32              10              0.8948 3.13s
0.1             32              1               0.9056 2.97s
0.1             32              0.1             0.8847 2.97s
0.1             32              0.01            0.8986 2.96s
0.1             32              0.001           0.8715 2.97s
0.1             32              0.0001          0.8745 2.99s
0.1             64              10              0.8673 2.99s
0.1             64              1               0.8564 3.13s
0.1             64              0.1             0.9109 3.12s
0.1             64              0.01            0.8647 3.14s
0.1             64              0.001           0.8813 2.98s
0.1             64              0.0001          0.8718 2.97s
0.01            4               10              0.8883 2.98s
0.01            4               1               0.9059 2.98s
0.01            4               0.1             0.8933 2.98s
0.01            4               0.01            0.8977 2.98s
0.01            4               0.001           0.8845 2.96s
0.01            4               0.0001          0.9089 2.97s
0.01            8               10              0.9089 3.15s
0.01            8               1               0.8913 3.13s
0.01            8               0.1             0.8872 3.12s
0.01            8               0.01            0.8896 3.13s
0.01            8               0.001           0.8827 2.96s
0.01            8               0.0001          0.9055 3.14s
0.01            16              10              0.9041 3.15s
0.01            16              1               0.8640 3.14s
0.01            16              0.1             0.9018 3.02s
0.01            16              0.01            0.9153 3.09s
0.01            16              0.001           0.8833 3.15s
0.01            16              0.0001          0.8950 3.14s
0.01            32              10              0.8850 3.12s
0.01            32              1               0.9041 2.98s
0.01            32              0.1             0.9077 3.14s
0.01            32              0.01            0.8835 3.15s
0.01            32              0.001           0.9057 3.06s
0.01            32              0.0001          0.8879 2.98s
0.01            64              10              0.8946 3.13s
0.01            64              1               0.9051 3.13s
0.01            64              0.1             0.9150 2.98s
0.01            64              0.01            0.8826 3.14s
0.01            64              0.001           0.8979 3.15s
0.01            64              0.0001          0.9095 2.97s
0.001           4               10              0.8588 2.97s
0.001           4               1               0.9069 2.99s
0.001           4               0.1             0.8887 2.98s
0.001           4               0.01            0.8807 3.12s
0.001           4               0.001           0.9001 2.98s
0.001           4               0.0001          0.8922 2.98s
0.001           8               10              0.8665 2.97s
0.001           8               1               0.8444 2.98s
0.001           8               0.1             0.8794 2.95s
0.001           8               0.01            0.9043 2.97s
0.001           8               0.001           0.8938 2.96s
0.001           8               0.0001          0.8965 3.14s
0.001           16              10              0.8920 3.16s
0.001           16              1               0.8868 3.13s
0.001           16              0.1             0.8763 3.14s
0.001           16              0.01            0.8777 2.97s
0.001           16              0.001           0.8697 3.13s
0.001           16              0.0001          0.8812 2.97s
0.001           32              10              0.8907 3.06s
0.001           32              1               0.8860 3.13s
0.001           32              0.1             0.8837 3.03s
0.001           32              0.01            0.8759 3.13s
0.001           32              0.001           0.9084 2.97s
0.001           32              0.0001          0.8801 2.97s
0.001           64              10              0.8847 3.14s
0.001           64              1               0.8941 3.15s
0.001           64              0.1             0.8791 3.15s
0.001           64              0.01            0.8844 3.16s
0.001           64              0.001           0.8897 3.15s
0.001           64              0.0001          0.8815 3.14s

Best Parameters: {'memory_len': 16, 'beta': 0.0001, 'lr': 0.1, 'epochs': 5000, 'batch_size': 1}
Best ROC-AUC: 0.928042328042328
