Learning Rate   Memory Size     Beta            AUC             Time           
1               4               1               0.3895 9.03s
1               4               0.1             0.3408 8.97s
1               4               0.01            0.4915 8.99s
1               4               0.001           0.4394 9.01s
1               4               0.0001          0.4018 9.06s
1               4               1e-05           0.5161 9.05s
1               8               1               0.2029 8.98s
1               8               0.1             0.2752 8.98s
1               8               0.01            0.2028 8.99s
1               8               0.001           0.1808 8.98s
1               8               0.0001          0.2285 9.00s
1               8               1e-05           0.1820 8.92s
1               16              1               0.2207 8.91s
1               16              0.1             0.2311 8.98s
1               16              0.01            0.2224 8.95s
1               16              0.001           0.1953 8.98s
1               16              0.0001          0.2268 8.97s
1               16              1e-05           0.1931 8.95s
1               32              1               0.1856 8.97s
1               32              0.1             0.2005 8.98s
1               32              0.01            0.2264 8.97s
1               32              0.001           0.2174 8.96s
1               32              0.0001          0.2363 8.92s
1               32              1e-05           0.2564 8.95s
1               64              1               0.2181 8.97s
1               64              0.1             0.1828 9.00s
1               64              0.01            0.2344 8.96s
1               64              0.001           0.2343 8.95s
1               64              0.0001          0.1694 8.96s
1               64              1e-05           0.3431 8.97s
0.1             4               1               0.5984 9.00s
0.1             4               0.1             0.5846 8.97s
0.1             4               0.01            0.5508 8.94s
0.1             4               0.001           0.5232 8.97s
0.1             4               0.0001          0.5487 9.01s
0.1             4               1e-05           0.5977 8.97s
0.1             8               1               0.2220 8.97s
0.1             8               0.1             0.2063 8.92s
0.1             8               0.01            0.2720 8.93s
0.1             8               0.001           0.2304 8.92s
0.1             8               0.0001          0.2152 8.94s
0.1             8               1e-05           0.3400 8.93s
0.1             16              1               0.2430 8.93s
0.1             16              0.1             0.2598 9.00s
0.1             16              0.01            0.2587 8.98s
0.1             16              0.001           0.2679 8.96s
0.1             16              0.0001          0.2843 8.92s
0.1             16              1e-05           0.2140 8.95s
0.1             32              1               0.2174 8.98s
0.1             32              0.1             0.2088 8.93s
0.1             32              0.01            0.2283 8.94s
0.1             32              0.001           0.1837 8.92s
0.1             32              0.0001          0.2613 8.90s
0.1             32              1e-05           0.2165 8.92s
0.1             64              1               0.2051 8.91s
0.1             64              0.1             0.2310 8.91s
0.1             64              0.01            0.2228 8.92s
0.1             64              0.001           0.2438 8.92s
0.1             64              0.0001          0.2521 8.89s
0.1             64              1e-05           0.2128 8.93s
0.01            4               1               0.5456 9.03s
0.01            4               0.1             0.5502 8.99s
0.01            4               0.01            0.5841 8.97s
0.01            4               0.001           0.5948 8.98s
0.01            4               0.0001          0.5853 8.95s
0.01            4               1e-05           0.5656 8.96s
0.01            8               1               0.2549 8.93s
0.01            8               0.1             0.2593 8.91s
0.01            8               0.01            0.2551 8.89s
0.01            8               0.001           0.2349 8.92s
0.01            8               0.0001          0.2620 8.98s
0.01            8               1e-05           0.2643 9.01s
0.01            16              1               0.2616 8.95s
0.01            16              0.1             0.2616 8.99s
0.01            16              0.01            0.2611 8.98s
0.01            16              0.001           0.2635 8.93s
0.01            16              0.0001          0.2575 8.96s
0.01            16              1e-05           0.2616 8.92s
0.01            32              1               0.2624 8.92s
0.01            32              0.1             0.2384 8.93s
0.01            32              0.01            0.2615 8.94s
0.01            32              0.001           0.2553 8.93s
0.01            32              0.0001          0.2613 8.94s
0.01            32              1e-05           0.2590 8.92s
0.01            64              1               0.2408 8.95s
0.01            64              0.1             0.2606 9.00s
0.01            64              0.01            0.2607 8.96s
0.01            64              0.001           0.2611 8.97s
0.01            64              0.0001          0.2575 8.97s
0.01            64              1e-05           0.2608 8.97s
0.001           4               1               0.5274 8.97s
0.001           4               0.1             0.4894 8.96s
0.001           4               0.01            0.5015 8.94s
0.001           4               0.001           0.5016 8.98s
0.001           4               0.0001          0.5313 8.96s
0.001           4               1e-05           0.4747 8.91s
0.001           8               1               0.2559 8.92s
0.001           8               0.1             0.2586 8.93s
0.001           8               0.01            0.2186 8.92s
0.001           8               0.001           0.2383 8.92s
0.001           8               0.0001          0.2581 8.95s
0.001           8               1e-05           0.2594 8.95s
0.001           16              1               0.2245 8.92s
0.001           16              0.1             0.2542 8.97s
0.001           16              0.01            0.2561 8.92s
0.001           16              0.001           0.2597 8.94s
0.001           16              0.0001          0.2573 8.97s
0.001           16              1e-05           0.2565 8.94s
0.001           32              1               0.2556 8.97s
0.001           32              0.1             0.2162 8.95s
0.001           32              0.01            0.2579 8.94s
0.001           32              0.001           0.2571 8.96s
0.001           32              0.0001          0.2590 8.95s
0.001           32              1e-05           0.2578 8.95s
0.001           64              1               0.2558 8.92s
0.001           64              0.1             0.2605 8.94s
0.001           64              0.01            0.2483 8.96s
0.001           64              0.001           0.2588 8.94s
0.001           64              0.0001          0.2603 8.96s
0.001           64              1e-05           0.2597 8.98s
0.0001          4               1               0.5014 9.00s
0.0001          4               0.1             0.4949 9.01s
0.0001          4               0.01            0.4392 9.04s
0.0001          4               0.001           0.4640 9.00s
0.0001          4               0.0001          0.4892 8.99s
0.0001          4               1e-05           0.4860 8.98s
0.0001          8               1               0.2563 8.99s
0.0001          8               0.1             0.2522 8.97s
0.0001          8               0.01            0.2518 9.00s
0.0001          8               0.001           0.2338 9.01s
0.0001          8               0.0001          0.2404 8.97s
0.0001          8               1e-05           0.2493 8.96s
0.0001          16              1               0.2539 8.95s
0.0001          16              0.1             0.2550 8.94s
0.0001          16              0.01            0.2524 8.92s
0.0001          16              0.001           0.2536 8.95s
0.0001          16              0.0001          0.2488 8.95s
0.0001          16              1e-05           0.2553 8.95s
0.0001          32              1               0.2517 8.93s
0.0001          32              0.1             0.2529 8.95s
0.0001          32              0.01            0.2497 8.93s
0.0001          32              0.001           0.2390 8.99s
0.0001          32              0.0001          0.2553 8.92s
0.0001          32              1e-05           0.2437 8.93s
0.0001          64              1               0.2521 8.95s
0.0001          64              0.1             0.2566 8.92s
0.0001          64              0.01            0.2449 8.88s
0.0001          64              0.001           0.2510 8.90s
0.0001          64              0.0001          0.2547 8.91s
0.0001          64              1e-05           0.2382 8.91s

Best Parameters: {'memory_len': 4, 'beta': 1, 'lr': 0.1, 'epochs': 5000, 'batch_size': 1}
Best ROC-AUC: 0.5983774250440917
Best Model saved as: ionosphere_RQ1_2.pt
