Learning Rate   Memory Size     Beta            AUC             Time           
1               4               10              0.8575 3.00s
1               4               1               0.8629 3.11s
1               4               0.1             0.8596 3.12s
1               4               0.01            0.8660 3.12s
1               4               0.001           0.8704 3.12s
1               4               0.0001          0.8838 3.09s
1               8               10              0.8588 3.10s
1               8               1               0.8472 3.11s
1               8               0.1             0.8791 3.09s
1               8               0.01            0.8478 3.12s
1               8               0.001           0.8600 3.09s
1               8               0.0001          0.8580 3.12s
1               16              10              0.8659 3.11s
1               16              1               0.8668 3.11s
1               16              0.1             0.8557 3.11s
1               16              0.01            0.8572 2.93s
1               16              0.001           0.8771 2.93s
1               16              0.0001          0.8625 2.94s
1               32              10              0.8583 2.94s
1               32              1               0.8509 3.04s
1               32              0.1             0.8663 3.07s
1               32              0.01            0.8738 3.11s
1               32              0.001           0.8616 3.10s
1               32              0.0001          0.8580 3.11s
1               64              10              0.8734 3.12s
1               64              1               0.8425 3.09s
1               64              0.1             0.8510 3.08s
1               64              0.01            0.8265 3.14s
1               64              0.001           0.8703 3.14s
1               64              0.0001          0.8696 2.95s
0.1             4               10              0.8964 2.95s
0.1             4               1               0.8913 3.12s
0.1             4               0.1             0.8964 3.11s
0.1             4               0.01            0.9028 2.95s
0.1             4               0.001           0.8799 3.10s
0.1             4               0.0001          0.8820 3.11s
0.1             8               10              0.8975 3.11s
0.1             8               1               0.9076 3.11s
0.1             8               0.1             0.8669 3.10s
0.1             8               0.01            0.8764 3.12s
0.1             8               0.001           0.8747 3.13s
0.1             8               0.0001          0.9094 3.11s
0.1             16              10              0.9026 3.12s
0.1             16              1               0.8737 3.09s
0.1             16              0.1             0.8952 2.95s
0.1             16              0.01            0.8978 2.93s
0.1             16              0.001           0.8924 2.94s
0.1             16              0.0001          0.9079 3.00s
0.1             32              10              0.9196 3.12s
0.1             32              1               0.8956 2.93s
0.1             32              0.1             0.8854 2.96s
0.1             32              0.01            0.8870 3.10s
0.1             32              0.001           0.8909 3.11s
0.1             32              0.0001          0.8930 3.10s
0.1             64              10              0.8685 3.09s
0.1             64              1               0.8896 3.02s
0.1             64              0.1             0.9043 3.11s
0.1             64              0.01            0.8796 3.11s
0.1             64              0.001           0.9166 3.10s
0.1             64              0.0001          0.9248 3.09s
0.01            4               10              0.8978 3.10s
0.01            4               1               0.9166 3.11s
0.01            4               0.1             0.9056 3.32s
0.01            4               0.01            0.9152 3.02s
0.01            4               0.001           0.9159 3.12s
0.01            4               0.0001          0.8878 3.06s
0.01            8               10              0.9081 3.12s
0.01            8               1               0.8564 2.96s
0.01            8               0.1             0.8970 2.95s
0.01            8               0.01            0.9048 2.94s
0.01            8               0.001           0.9032 2.94s
0.01            8               0.0001          0.9142 2.93s
0.01            16              10              0.9133 2.96s
0.01            16              1               0.8832 2.94s
0.01            16              0.1             0.9194 2.93s
0.01            16              0.01            0.8908 2.94s
0.01            16              0.001           0.8935 2.93s
0.01            16              0.0001          0.8956 3.07s
0.01            32              10              0.8771 2.94s
0.01            32              1               0.8893 2.93s
0.01            32              0.1             0.9159 3.10s
0.01            32              0.01            0.8903 3.07s
0.01            32              0.001           0.9026 2.95s
0.01            32              0.0001          0.9127 3.11s
0.01            64              10              0.8991 2.96s
0.01            64              1               0.8954 2.94s
0.01            64              0.1             0.8761 2.94s
0.01            64              0.01            0.8946 3.09s
0.01            64              0.001           0.9164 3.11s
0.01            64              0.0001          0.8932 3.11s
0.001           4               10              0.8730 3.12s
0.001           4               1               0.8625 2.96s
0.001           4               0.1             0.8893 3.12s
0.001           4               0.01            0.8839 3.09s
0.001           4               0.001           0.9042 3.02s
0.001           4               0.0001          0.8880 2.96s
0.001           8               10              0.8948 2.94s
0.001           8               1               0.9003 3.11s
0.001           8               0.1             0.8913 3.11s
0.001           8               0.01            0.9005 3.11s
0.001           8               0.001           0.8723 3.11s
0.001           8               0.0001          0.8796 3.11s
0.001           16              10              0.8926 3.11s
0.001           16              1               0.8923 3.11s
0.001           16              0.1             0.8993 3.12s
0.001           16              0.01            0.8917 3.12s
0.001           16              0.001           0.8748 3.13s
0.001           16              0.0001          0.8775 3.12s
0.001           32              10              0.8885 3.12s
0.001           32              1               0.8853 3.11s
0.001           32              0.1             0.8586 3.13s
0.001           32              0.01            0.8883 2.95s
0.001           32              0.001           0.8840 3.00s
0.001           32              0.0001          0.8989 3.12s
0.001           64              10              0.8899 3.11s
0.001           64              1               0.9044 3.10s
0.001           64              0.1             0.8943 3.12s
0.001           64              0.01            0.8872 3.12s
0.001           64              0.001           0.9023 3.13s
0.001           64              0.0001          0.8737 3.12s

Best Parameters: {'memory_len': 64, 'beta': 0.0001, 'lr': 0.1, 'epochs': 5000, 'batch_size': 1}
Best ROC-AUC: 0.9247619047619047
Best Model saved as: ionosphere_RQ1_7.pt
