Learning Rate   Memory Size     Beta            AUC             Time           
1               4               10              0.8578 3.58s
1               4               1               0.8370 3.54s
1               4               0.1             0.8699 3.57s
1               4               0.01            0.8413 3.55s
1               4               0.001           0.8588 3.58s
1               4               0.0001          0.8631 3.58s
1               8               10              0.8659 3.59s
1               8               1               0.8614 3.60s
1               8               0.1             0.8731 3.56s
1               8               0.01            0.8478 3.61s
1               8               0.001           0.8696 3.59s
1               8               0.0001          0.8493 3.61s
1               16              10              0.8720 3.61s
1               16              1               0.8584 3.64s
1               16              0.1             0.8514 3.67s
1               16              0.01            0.8715 3.54s
1               16              0.001           0.8536 3.32s
1               16              0.0001          0.8638 3.58s
1               32              10              0.8436 3.56s
1               32              1               0.8627 3.53s
1               32              0.1             0.8562 3.55s
1               32              0.01            0.8392 3.54s
1               32              0.001           0.8521 3.52s
1               32              0.0001          0.8539 3.49s
1               64              10              0.8698 3.54s
1               64              1               0.8624 3.51s
1               64              0.1             0.8501 3.52s
1               64              0.01            0.8650 3.55s
1               64              0.001           0.8529 3.49s
1               64              0.0001          0.8533 3.53s
0.1             4               10              0.8949 3.49s
0.1             4               1               0.9153 3.51s
0.1             4               0.1             0.8994 3.51s
0.1             4               0.01            0.8968 3.51s
0.1             4               0.001           0.8788 3.49s
0.1             4               0.0001          0.9013 3.48s
0.1             8               10              0.8872 3.51s
0.1             8               1               0.8799 3.53s
0.1             8               0.1             0.9000 3.48s
0.1             8               0.01            0.8887 3.52s
0.1             8               0.001           0.9257 3.51s
0.1             8               0.0001          0.9036 3.49s
0.1             16              10              0.8985 3.28s
0.1             16              1               0.8733 3.48s
0.1             16              0.1             0.8909 3.56s
0.1             16              0.01            0.8742 3.54s
0.1             16              0.001           0.8951 3.42s
0.1             16              0.0001          0.8713 3.51s
0.1             32              10              0.8812 3.53s
0.1             32              1               0.8840 3.51s
0.1             32              0.1             0.9033 3.51s
0.1             32              0.01            0.8847 3.56s
0.1             32              0.001           0.8805 3.53s
0.1             32              0.0001          0.8828 3.55s
0.1             64              10              0.8763 3.29s
0.1             64              1               0.8788 3.32s
0.1             64              0.1             0.8868 3.49s
0.1             64              0.01            0.8585 3.53s
0.1             64              0.001           0.9165 3.31s
0.1             64              0.0001          0.8973 3.31s
0.01            4               10              0.8809 3.63s
0.01            4               1               0.8777 3.55s
0.01            4               0.1             0.9098 3.35s
0.01            4               0.01            0.8875 3.38s
0.01            4               0.001           0.9105 3.33s
0.01            4               0.0001          0.9055 3.54s
0.01            8               10              0.8789 3.51s
0.01            8               1               0.9065 3.56s
0.01            8               0.1             0.9045 3.53s
0.01            8               0.01            0.8951 3.24s
0.01            8               0.001           0.8795 3.17s
0.01            8               0.0001          0.9011 3.59s
0.01            16              10              0.9046 3.57s
0.01            16              1               0.9044 3.02s
0.01            16              0.1             0.9078 3.16s
0.01            16              0.01            0.8909 3.01s
0.01            16              0.001           0.9102 3.00s
0.01            16              0.0001          0.9024 3.46s
0.01            32              10              0.8890 3.55s
0.01            32              1               0.9190 3.00s
0.01            32              0.1             0.9010 2.99s
0.01            32              0.01            0.8558 3.07s
0.01            32              0.001           0.9050 3.29s
0.01            32              0.0001          0.8980 3.26s
0.01            64              10              0.9041 2.98s
0.01            64              1               0.9010 2.99s
0.01            64              0.1             0.8931 2.98s
0.01            64              0.01            0.9069 2.99s
0.01            64              0.001           0.9014 2.99s
0.01            64              0.0001          0.9126 2.98s
0.001           4               10              0.9042 2.98s
0.001           4               1               0.8740 2.97s
0.001           4               0.1             0.8812 2.96s
0.001           4               0.01            0.9138 2.98s
0.001           4               0.001           0.8666 3.17s
0.001           4               0.0001          0.8858 2.97s
0.001           8               10              0.8700 3.17s
0.001           8               1               0.8988 3.18s
0.001           8               0.1             0.8893 3.17s
0.001           8               0.01            0.8784 3.16s
0.001           8               0.001           0.8784 3.15s
0.001           8               0.0001          0.8845 3.15s
0.001           16              10              0.9012 2.96s
0.001           16              1               0.8823 2.95s
0.001           16              0.1             0.8955 2.97s
0.001           16              0.01            0.8717 2.98s
0.001           16              0.001           0.9078 2.98s
0.001           16              0.0001          0.8881 2.95s
0.001           32              10              0.8808 2.95s
0.001           32              1               0.8970 2.96s
0.001           32              0.1             0.8696 2.96s
0.001           32              0.01            0.8969 2.96s
0.001           32              0.001           0.8944 2.96s
0.001           32              0.0001          0.9070 2.95s
0.001           64              10              0.8881 2.99s
0.001           64              1               0.9016 2.97s
0.001           64              0.1             0.8820 2.96s
0.001           64              0.01            0.8669 3.06s
0.001           64              0.001           0.8745 2.96s
0.001           64              0.0001          0.8938 2.96s

Best Parameters: {'memory_len': 8, 'beta': 0.001, 'lr': 0.1, 'epochs': 5000, 'batch_size': 1}
Best ROC-AUC: 0.9257142857142857
Best Model saved as: ionosphere_RQ1_14.pt
