Learning Rate   Memory Size     Beta            Epochs          K               AUC             Time           
0.01            256             1.0             3               5000            0.9795 160.65s
0.01            256             1.0             5               5000            0.9797 160.64s
0.01            256             1.0             7               5000            0.9766 161.84s
0.01            256             1.0             9               5000            0.9690 161.38s
0.01            256             1.0             11              5000            0.9778 160.62s
0.01            256             1.0             13              5000            0.9741 160.42s
0.01            256             1.0             15              5000            0.9802 162.80s
0.01            256             1.0             17              5000            0.9800 162.83s
0.01            256             1.0             19              5000            0.9806 162.70s
0.01            256             1.0             21              5000            0.9802 160.61s
0.01            256             1.0             23              5000            0.9814 160.91s
0.01            256             1.0             25              5000            0.9424 161.17s
0.01            256             1.0             27              5000            0.9795 161.10s
0.01            256             1.0             29              5000            0.9793 160.91s
0.01            256             1.0             31              5000            0.9802 162.90s
0.01            256             1.0             33              5000            0.9827 161.24s
0.01            256             1.0             35              5000            0.9789 160.47s
0.01            256             1.0             37              5000            0.9794 157.71s
0.01            256             1.0             39              5000            0.9798 157.58s
0.01            256             1.0             41              5000            0.9801 158.05s
0.01            256             1.0             43              5000            0.9805 157.76s
0.01            256             1.0             45              5000            0.9796 158.76s
0.01            256             1.0             47              5000            0.9811 158.04s
0.01            256             1.0             49              5000            0.9812 159.74s

Best Parameters: {'memory_len': 256, 'beta': 1.0, 'lr': 0.01, 'epochs': 5000, 'activation_fn': 'Tanh', 'gamma': 0, 'K': 33}
Best ROC-AUC: 0.9826808077188168
