Learning Rate   Memory Size     Beta            AUC             Time           
1               256             10              0.5000 295.42s
1               256             1               0.5000 295.01s
1               256             0.1             0.5000 295.21s
1               256             0.01            0.5000 295.04s
1               256             0.001           0.5000 297.56s
1               256             0.0001          0.5000 295.81s
1               1024            10              0.5000 293.34s
1               1024            1               0.5000 292.72s
1               1024            0.1             0.5000 291.51s
1               1024            0.01            0.5000 291.36s
1               1024            0.001           0.5000 291.22s
1               1024            0.0001          0.5000 295.25s
0.1             256             10              0.5000 294.55s
0.1             256             1               0.5000 291.47s
0.1             256             0.1             0.5000 292.13s
0.1             256             0.01            0.5000 290.82s
0.1             256             0.001           0.5000 291.15s
0.1             256             0.0001          0.5000 291.67s
0.1             1024            10              0.5000 291.46s
0.1             1024            1               0.5000 291.32s
0.1             1024            0.1             0.5000 291.35s
0.1             1024            0.01            0.5000 290.98s
0.1             1024            0.001           0.5000 291.33s
0.1             1024            0.0001          0.5000 291.30s
0.01            256             10              0.5000 292.47s
0.01            256             1               0.8257 291.34s
0.01            256             0.1             0.5000 294.58s
0.01            256             0.01            0.8499 295.13s
0.01            256             0.001           0.7816 294.06s
0.01            256             0.0001          0.5000 294.29s
0.01            1024            10              0.5000 293.65s
0.01            1024            1               0.5000 294.45s
0.01            1024            0.1             0.8271 293.93s
0.01            1024            0.01            0.5000 291.81s
0.01            1024            0.001           0.5000 291.26s
0.01            1024            0.0001          0.8032 291.12s
0.001           256             10              0.5000 298.15s
0.001           256             1               0.5000 298.75s
0.001           256             0.1             0.5000 295.22s
0.001           256             0.01            0.5000 299.58s
0.001           256             0.001           0.5000 298.03s
0.001           256             0.0001          0.5000 299.79s
0.001           1024            10              0.5000 300.30s
0.001           1024            1               0.5000 294.40s
0.001           1024            0.1             0.5000 293.20s
0.001           1024            0.01            0.5000 291.79s
0.001           1024            0.001           0.5000 293.65s
0.001           1024            0.0001          0.5000 291.07s

Best Parameters: {'memory_len': 256, 'beta': 0.01, 'lr': 0.01, 'epochs': 5000, 'batch_size': 1}
Best ROC-AUC: 0.8499113857074496
Best Model saved as: KDD_RQ1_14.pt
