Learning Rate   Memory Size     Beta            AUC             Time           
1               128             10              0.7405 141.34s
1               128             1               0.7462 140.94s
1               128             0.1             0.7412 142.40s
1               128             0.01            0.7447 140.58s
1               128             0.001           0.7376 142.33s
1               128             0.0001          0.7403 141.17s
1               256             10              0.7454 140.77s
1               256             1               0.7465 141.87s
1               256             0.1             0.7443 140.97s
1               256             0.01            0.7436 141.53s
1               256             0.001           0.7439 141.93s
1               256             0.0001          0.7436 140.71s
1               512             10              0.7427 142.45s
1               512             1               0.7457 141.46s
1               512             0.1             0.7440 140.94s
1               512             0.01            0.7450 141.19s
1               512             0.001           0.7449 141.58s
1               512             0.0001          0.7412 142.59s
1               1024            10              0.7416 142.60s
1               1024            1               0.7399 142.67s
1               1024            0.1             0.7418 141.32s
1               1024            0.01            0.7408 141.48s
1               1024            0.001           0.7365 142.84s
1               1024            0.0001          0.7431 141.06s
1               2048            10              0.7415 141.68s
1               2048            1               0.7439 142.06s
1               2048            0.1             0.7419 141.75s
1               2048            0.01            0.7463 141.74s
1               2048            0.001           0.7424 142.08s
1               2048            0.0001          0.7456 141.72s
0.1             128             10              0.8814 141.88s
0.1             128             1               0.7670 141.85s
0.1             128             0.1             0.7522 141.62s
0.1             128             0.01            0.7640 143.22s
0.1             128             0.001           0.7568 141.59s
0.1             128             0.0001          0.7544 143.93s
0.1             256             10              0.8828 142.59s
0.1             256             1               0.7621 142.16s
0.1             256             0.1             0.7581 140.82s
0.1             256             0.01            0.7529 139.74s
0.1             256             0.001           0.7587 138.58s
0.1             256             0.0001          0.7637 138.87s
0.1             512             10              0.7554 139.66s
0.1             512             1               0.7546 140.74s
0.1             512             0.1             0.7495 138.48s
0.1             512             0.01            0.7555 138.82s
0.1             512             0.001           0.7575 139.53s
0.1             512             0.0001          0.7558 138.72s
0.1             1024            10              0.7506 139.07s
0.1             1024            1               0.7482 139.26s
0.1             1024            0.1             0.7621 138.47s
0.1             1024            0.01            0.7476 138.34s
0.1             1024            0.001           0.7479 138.84s
0.1             1024            0.0001          0.7454 138.55s
0.1             2048            10              0.7487 139.54s
0.1             2048            1               0.7526 138.46s
0.1             2048            0.1             0.7511 137.96s
0.1             2048            0.01            0.7505 140.78s
0.1             2048            0.001           0.7591 143.39s
0.1             2048            0.0001          0.7637 138.45s
0.01            128             10              0.8563 157.62s
0.01            128             1               0.7407 139.73s
0.01            128             0.1             0.7488 137.75s
0.01            128             0.01            0.7450 137.85s
0.01            128             0.001           0.7456 142.06s
0.01            128             0.0001          0.7476 143.65s
0.01            256             10              0.7993 142.59s
0.01            256             1               0.7506 137.94s
0.01            256             0.1             0.7432 138.00s
0.01            256             0.01            0.7456 139.04s
0.01            256             0.001           0.7471 140.33s
0.01            256             0.0001          0.7441 141.84s
0.01            512             10              0.7437 142.37s
0.01            512             1               0.7498 142.20s
0.01            512             0.1             0.7506 140.31s
0.01            512             0.01            0.7453 139.71s
0.01            512             0.001           0.7465 139.43s
0.01            512             0.0001          0.7483 138.31s
0.01            1024            10              0.7482 139.63s
0.01            1024            1               0.7461 139.22s
0.01            1024            0.1             0.7454 139.14s
0.01            1024            0.01            0.7531 139.90s
0.01            1024            0.001           0.7482 138.67s
0.01            1024            0.0001          0.7468 138.77s
0.01            2048            10              0.7437 139.30s
0.01            2048            1               0.7486 139.88s
0.01            2048            0.1             0.7454 139.14s
0.01            2048            0.01            0.7482 138.50s
0.01            2048            0.001           0.7462 138.67s
0.01            2048            0.0001          0.7474 138.63s
0.001           128             10              0.9312 152.70s
0.001           128             1               0.7505 138.92s
0.001           128             0.1             0.7445 138.65s
0.001           128             0.01            0.7496 138.78s
0.001           128             0.001           0.7488 138.79s
0.001           128             0.0001          0.7513 139.05s
0.001           256             10              0.8605 140.36s
0.001           256             1               0.7516 139.99s
0.001           256             0.1             0.7487 138.82s
0.001           256             0.01            0.7473 138.95s
0.001           256             0.001           0.7471 139.35s
0.001           256             0.0001          0.7521 141.66s
0.001           512             10              0.7506 139.84s
0.001           512             1               0.7487 140.75s
0.001           512             0.1             0.7490 140.54s
0.001           512             0.01            0.7492 140.15s
0.001           512             0.001           0.7506 140.51s
0.001           512             0.0001          0.7492 143.67s
0.001           1024            10              0.7486 144.00s
0.001           1024            1               0.7525 141.15s
0.001           1024            0.1             0.7485 138.80s
0.001           1024            0.01            0.7497 145.55s
0.001           1024            0.001           0.7506 138.42s
0.001           1024            0.0001          0.7498 139.50s
0.001           2048            10              0.7479 141.85s
0.001           2048            1               0.7478 140.26s
0.001           2048            0.1             0.7507 139.68s
0.001           2048            0.01            0.7477 140.16s
0.001           2048            0.001           0.7463 140.66s
0.001           2048            0.0001          0.7502 140.28s

Best Parameters: {'memory_len': 128, 'beta': 10, 'lr': 0.001, 'epochs': 5000, 'batch_size': 1}
Best ROC-AUC: 0.9312350123935399
Best Model saved as: KDD_RQ1_3.pt
