Learning Rate   Memory Size     Beta            AUC             Time           
1               128             1               0.6451 123.00s
1               128             0.1             0.9737 117.98s
1               128             0.01            0.9350 118.55s
1               128             0.001           0.9238 118.87s
1               128             1e-05           0.9010 117.26s
1               256             1               0.7339 113.93s
1               256             0.1             0.6803 121.79s
1               256             0.01            0.9720 114.40s
1               256             0.001           0.9166 115.26s
1               256             1e-05           0.9746 114.48s
1               512             1               0.8842 117.11s
1               512             0.1             0.9382 116.31s
1               512             0.01            0.9660 115.34s
1               512             0.001           0.7868 118.50s
1               512             1e-05           0.6935 116.69s
1               1024            1               0.8938 104.74s
1               1024            0.1             0.7065 121.46s
1               1024            0.01            0.9660 116.09s
1               1024            0.001           0.9706 115.70s
1               1024            1e-05           0.0998 121.03s
1               2048            1               0.9126 114.12s
1               2048            0.1             0.7185 118.96s
1               2048            0.01            0.7323 111.11s
1               2048            0.001           0.7360 112.22s
1               2048            1e-05           0.1928 121.42s
0.1             128             1               0.7119 119.96s
0.1             128             0.1             0.9434 108.53s
0.1             128             0.01            0.9753 115.42s
0.1             128             0.001           0.1229 121.34s
0.1             128             1e-05           0.9709 115.12s
0.1             256             1               0.8981 117.82s
0.1             256             0.1             0.7121 121.03s
0.1             256             0.01            0.7247 120.20s
0.1             256             0.001           0.6825 119.79s
0.1             256             1e-05           0.7134 120.85s
0.1             512             1               0.7232 116.61s
0.1             512             0.1             0.9746 108.32s
0.1             512             0.01            0.9699 110.42s
0.1             512             0.001           0.8813 117.28s
0.1             512             1e-05           0.9478 118.64s
0.1             1024            1               0.9707 115.29s
0.1             1024            0.1             0.8661 120.09s
0.1             1024            0.01            0.7537 119.71s
0.1             1024            0.001           0.9524 114.73s
0.1             1024            1e-05           0.8751 115.68s
0.1             2048            1               0.7580 119.13s
0.1             2048            0.1             0.7669 117.61s
0.1             2048            0.01            0.7832 114.21s
0.1             2048            0.001           0.9045 112.85s
0.1             2048            1e-05           0.7604 120.96s
0.01            128             1               0.7165 122.38s
0.01            128             0.1             0.8127 119.88s
0.01            128             0.01            0.8059 119.97s
0.01            128             0.001           0.7133 119.90s
0.01            128             1e-05           0.6923 120.04s
0.01            256             1               0.7258 120.40s
0.01            256             0.1             0.9007 117.79s
0.01            256             0.01            0.9067 115.32s
0.01            256             0.001           0.9143 118.32s
0.01            256             1e-05           0.8630 120.92s
0.01            512             1               0.8946 117.91s
0.01            512             0.1             0.9166 117.16s
0.01            512             0.01            0.8572 120.69s
0.01            512             0.001           0.8992 118.25s
0.01            512             1e-05           0.8946 118.98s
0.01            1024            1               0.7993 120.26s
0.01            1024            0.1             0.9060 115.70s
0.01            1024            0.01            0.8049 118.69s
0.01            1024            0.001           0.9054 119.97s
0.01            1024            1e-05           0.8798 119.60s
0.01            2048            1               0.9141 117.47s
0.01            2048            0.1             0.9104 112.44s
0.01            2048            0.01            0.8006 116.47s
0.01            2048            0.001           0.8933 117.96s
0.01            2048            1e-05           0.8896 118.43s
0.001           128             1               0.0899 121.30s
0.001           128             0.1             0.8697 118.85s
0.001           128             0.01            0.8713 116.22s
0.001           128             0.001           0.8708 111.03s
0.001           128             1e-05           0.0736 118.47s
0.001           256             1               0.7478 120.27s
0.001           256             0.1             0.8007 116.74s
0.001           256             0.01            0.8384 117.52s
0.001           256             0.001           0.8642 119.35s
0.001           256             1e-05           0.6460 119.66s
0.001           512             1               0.8845 118.29s
0.001           512             0.1             0.1436 119.61s
0.001           512             0.01            0.8839 112.00s
0.001           512             0.001           0.8962 114.22s
0.001           512             1e-05           0.8509 119.30s
0.001           1024            1               0.8852 116.04s
0.001           1024            0.1             0.8467 117.12s
0.001           1024            0.01            0.8843 116.04s
0.001           1024            0.001           0.8889 116.47s
0.001           1024            1e-05           0.8799 118.48s
0.001           2048            1               0.8447 113.12s
0.001           2048            0.1             0.2114 117.40s
0.001           2048            0.01            0.1809 123.52s
0.001           2048            0.001           0.8410 113.36s
0.001           2048            1e-05           0.6863 110.82s
0.0001          128             1               0.8553 116.62s
0.0001          128             0.1             0.8540 120.88s
0.0001          128             0.01            0.8906 117.35s
0.0001          128             0.001           0.8613 117.42s
0.0001          128             1e-05           0.8559 119.62s
0.0001          256             1               0.8564 117.91s
0.0001          256             0.1             0.8816 116.87s
0.0001          256             0.01            0.0687 120.68s
0.0001          256             0.001           0.1077 115.43s
0.0001          256             1e-05           0.0688 113.11s
0.0001          512             1               0.1061 121.89s
0.0001          512             0.1             0.8510 118.37s
0.0001          512             0.01            0.8891 118.90s
0.0001          512             0.001           0.8508 119.02s
0.0001          512             1e-05           0.8549 121.28s
0.0001          1024            1               0.8560 119.27s
0.0001          1024            0.1             0.8965 117.68s
0.0001          1024            0.01            0.8563 121.70s
0.0001          1024            0.001           0.8936 113.55s
0.0001          1024            1e-05           0.8531 108.71s
0.0001          2048            1               0.8861 107.60s
0.0001          2048            0.1             0.8881 108.34s
0.0001          2048            0.01            0.3217 120.85s
0.0001          2048            0.001           0.8892 119.76s
0.0001          2048            1e-05           0.1261 121.02s

Best Parameters: {'memory_len': 128, 'beta': 0.01, 'lr': 0.1, 'epochs': 5000, 'batch_size': 1}
Best ROC-AUC: 0.9753306592981928
Best Model saved as: NSL_RQ1_1.pt
