Learning Rate   Memory Size     Beta            AUC             Time           
1               128             10              0.9837 38.00s
1               128             1               0.9837 37.99s
1               128             0.1             0.9831 38.18s
1               128             0.01            0.9827 38.16s
1               128             0.001           0.9830 37.90s
1               128             0.0001          0.9831 37.90s
1               256             10              0.9820 37.99s
1               256             1               0.9832 37.82s
1               256             0.1             0.9801 38.22s
1               256             0.01            0.9832 38.04s
1               256             0.001           0.9835 38.10s
1               256             0.0001          0.9834 38.03s
1               512             10              0.9828 38.00s
1               512             1               0.9832 38.22s
1               512             0.1             0.9818 38.18s
1               512             0.01            0.9836 38.52s
1               512             0.001           0.9830 38.13s
1               512             0.0001          0.9823 38.27s
1               1024            10              0.9819 38.30s
1               1024            1               0.9829 38.04s
1               1024            0.1             0.9809 38.13s
1               1024            0.01            0.9829 38.03s
1               1024            0.001           0.9830 38.03s
1               1024            0.0001          0.9833 37.99s
1               2048            10              0.9831 38.25s
1               2048            1               0.9826 38.39s
1               2048            0.1             0.9805 37.97s
1               2048            0.01            0.9821 37.94s
1               2048            0.001           0.9831 38.31s
1               2048            0.0001          0.9825 38.12s
0.1             128             10              0.9841 43.04s
0.1             128             1               0.9840 38.82s
0.1             128             0.1             0.9847 38.00s
0.1             128             0.01            0.9838 38.42s
0.1             128             0.001           0.9838 38.03s
0.1             128             0.0001          0.9835 38.32s
0.1             256             10              0.9802 42.71s
0.1             256             1               0.9830 39.79s
0.1             256             0.1             0.9845 38.18s
0.1             256             0.01            0.9841 38.13s
0.1             256             0.001           0.9839 38.14s
0.1             256             0.0001          0.9841 38.11s
0.1             512             10              0.9794 42.82s
0.1             512             1               0.9826 39.24s
0.1             512             0.1             0.9844 38.36s
0.1             512             0.01            0.9838 38.10s
0.1             512             0.001           0.9839 38.09s
0.1             512             0.0001          0.9840 38.09s
0.1             1024            10              0.9743 42.56s
0.1             1024            1               0.9794 39.51s
0.1             1024            0.1             0.9845 38.17s
0.1             1024            0.01            0.9835 38.29s
0.1             1024            0.001           0.9833 38.18s
0.1             1024            0.0001          0.9834 38.23s
0.1             2048            10              0.9113 41.43s
0.1             2048            1               0.8636 38.67s
0.1             2048            0.1             0.9840 38.36s
0.1             2048            0.01            0.9835 38.08s
0.1             2048            0.001           0.9838 38.55s
0.1             2048            0.0001          0.9842 38.11s
0.01            128             10              0.9840 42.22s
0.01            128             1               0.9843 38.82s
0.01            128             0.1             0.9832 38.39s
0.01            128             0.01            0.9834 38.49s
0.01            128             0.001           0.9832 38.15s
0.01            128             0.0001          0.9831 37.99s
0.01            256             10              0.9809 41.68s
0.01            256             1               0.9816 38.38s
0.01            256             0.1             0.9835 38.07s
0.01            256             0.01            0.9832 38.33s
0.01            256             0.001           0.9833 38.07s
0.01            256             0.0001          0.9833 38.26s
0.01            512             10              0.9814 41.52s
0.01            512             1               0.9824 38.48s
0.01            512             0.1             0.9833 38.03s
0.01            512             0.01            0.9833 38.02s
0.01            512             0.001           0.9831 37.84s
0.01            512             0.0001          0.9833 38.16s
0.01            1024            10              0.9795 41.39s
0.01            1024            1               0.9789 38.44s
0.01            1024            0.1             0.9832 37.95s
0.01            1024            0.01            0.9833 38.02s
0.01            1024            0.001           0.9834 38.05s
0.01            1024            0.0001          0.9835 37.79s
0.01            2048            10              0.8532 39.79s
0.01            2048            1               0.9538 38.41s
0.01            2048            0.1             0.9831 38.00s
0.01            2048            0.01            0.9834 37.98s
0.01            2048            0.001           0.9834 38.23s
0.01            2048            0.0001          0.9833 38.12s
0.001           128             10              0.9840 41.15s
0.001           128             1               0.9843 38.25s
0.001           128             0.1             0.9835 38.05s
0.001           128             0.01            0.9833 38.04s
0.001           128             0.001           0.9840 37.96s
0.001           128             0.0001          0.9837 38.10s
0.001           256             10              0.9795 41.05s
0.001           256             1               0.9806 38.32s
0.001           256             0.1             0.9841 38.49s
0.001           256             0.01            0.9833 37.89s
0.001           256             0.001           0.9832 38.29s
0.001           256             0.0001          0.9837 37.99s
0.001           512             10              0.9832 40.62s
0.001           512             1               0.9810 38.51s
0.001           512             0.1             0.9836 38.40s
0.001           512             0.01            0.9841 38.28s
0.001           512             0.001           0.9838 38.29s
0.001           512             0.0001          0.9834 38.17s
0.001           1024            10              0.9791 40.48s
0.001           1024            1               0.9758 38.09s
0.001           1024            0.1             0.9838 38.13s
0.001           1024            0.01            0.9837 38.17s
0.001           1024            0.001           0.9838 38.21s
0.001           1024            0.0001          0.9839 38.36s
0.001           2048            10              0.8152 38.93s
0.001           2048            1               0.9775 38.52s
0.001           2048            0.1             0.9837 38.17s
0.001           2048            0.01            0.9836 38.08s
0.001           2048            0.001           0.9845 38.15s
0.001           2048            0.0001          0.9834 37.95s

Best Parameters: {'memory_len': 128, 'beta': 0.1, 'lr': 0.1, 'epochs': 5000, 'batch_size': 1}
Best ROC-AUC: 0.9846531456116063
Best Model saved as: NSL_RQ1_1.pt
